	shape_reactivity	tid	length	coverage	Nucleotide
3		ENST00000361624	1542	2145.78356316971	5
4		ENST00000361624	1542	2145.78356316971	6
5		ENST00000361624	1542	2145.78356316971	7
6		ENST00000361624	1542	2145.78356316971	8
7		ENST00000361624	1542	2145.78356316971	9
8		ENST00000361624	1542	2145.78356316971	10
9		ENST00000361624	1542	2145.78356316971	11
10		ENST00000361624	1542	2145.78356316971	12
11		ENST00000361624	1542	2145.78356316971	13
12		ENST00000361624	1542	2145.78356316971	14
13		ENST00000361624	1542	2145.78356316971	15
14		ENST00000361624	1542	2145.78356316971	16
15		ENST00000361624	1542	2145.78356316971	17
16		ENST00000361624	1542	2145.78356316971	18
17		ENST00000361624	1542	2145.78356316971	19
18		ENST00000361624	1542	2145.78356316971	20
19	0.573	ENST00000361624	1542	2145.78356316971	21
20	0.22	ENST00000361624	1542	2145.78356316971	22
21	0.143	ENST00000361624	1542	2145.78356316971	23
22	0.901	ENST00000361624	1542	2145.78356316971	24
23	0.627	ENST00000361624	1542	2145.78356316971	25
24	0.782	ENST00000361624	1542	2145.78356316971	26
25	0.407	ENST00000361624	1542	2145.78356316971	27
26	0.397	ENST00000361624	1542	2145.78356316971	28
27	0.113	ENST00000361624	1542	2145.78356316971	29
28	0.381	ENST00000361624	1542	2145.78356316971	30
29	0.672	ENST00000361624	1542	2145.78356316971	31
30	0.167	ENST00000361624	1542	2145.78356316971	32
31	0.206	ENST00000361624	1542	2145.78356316971	33
32	0.515	ENST00000361624	1542	2145.78356316971	34
33	0.608	ENST00000361624	1542	2145.78356316971	35
34	0.255	ENST00000361624	1542	2145.78356316971	36
35	0.087	ENST00000361624	1542	2145.78356316971	37
36	0.209	ENST00000361624	1542	2145.78356316971	38
37	0.055	ENST00000361624	1542	2145.78356316971	39
38	0.371	ENST00000361624	1542	2145.78356316971	40
39	0.359	ENST00000361624	1542	2145.78356316971	41
40	0.51	ENST00000361624	1542	2145.78356316971	42
41	0.206	ENST00000361624	1542	2145.78356316971	43
42	0.774	ENST00000361624	1542	2145.78356316971	44
43	0.166	ENST00000361624	1542	2145.78356316971	45
44	0.341	ENST00000361624	1542	2145.78356316971	46
45	0.648	ENST00000361624	1542	2145.78356316971	47
46	0.307	ENST00000361624	1542	2145.78356316971	48
47	0.08	ENST00000361624	1542	2145.78356316971	49
48	0.099	ENST00000361624	1542	2145.78356316971	50
49	0.373	ENST00000361624	1542	2145.78356316971	51
50	0.934	ENST00000361624	1542	2145.78356316971	52
51	0.205	ENST00000361624	1542	2145.78356316971	53
52	0.492	ENST00000361624	1542	2145.78356316971	54
53	0.288	ENST00000361624	1542	2145.78356316971	55
54	0.22	ENST00000361624	1542	2145.78356316971	56
55	0.97	ENST00000361624	1542	2145.78356316971	57
56	0.938	ENST00000361624	1542	2145.78356316971	58
57	1.0	ENST00000361624	1542	2145.78356316971	59
58	0.427	ENST00000361624	1542	2145.78356316971	60
59	0.154	ENST00000361624	1542	2145.78356316971	61
60	0.447	ENST00000361624	1542	2145.78356316971	62
61	1.0	ENST00000361624	1542	2145.78356316971	63
62	1.0	ENST00000361624	1542	2145.78356316971	64
63	0.816	ENST00000361624	1542	2145.78356316971	65
64	1.0	ENST00000361624	1542	2145.78356316971	66
65	1.0	ENST00000361624	1542	2145.78356316971	67
66	1.0	ENST00000361624	1542	2145.78356316971	68
67	0.193	ENST00000361624	1542	2145.78356316971	69
68	0.083	ENST00000361624	1542	2145.78356316971	70
69	0.17	ENST00000361624	1542	2145.78356316971	71
70	0.125	ENST00000361624	1542	2145.78356316971	72
71	0.05	ENST00000361624	1542	2145.78356316971	73
72	0.072	ENST00000361624	1542	2145.78356316971	74
73	0.879	ENST00000361624	1542	2145.78356316971	75
74	0.192	ENST00000361624	1542	2145.78356316971	76
75	0.115	ENST00000361624	1542	2145.78356316971	77
76	0.06	ENST00000361624	1542	2145.78356316971	78
77	0.003	ENST00000361624	1542	2145.78356316971	79
78	0.0	ENST00000361624	1542	2145.78356316971	80
79	0.0	ENST00000361624	1542	2145.78356316971	81
80	0.0	ENST00000361624	1542	2145.78356316971	82
81	0.015	ENST00000361624	1542	2145.78356316971	83
82	0.197	ENST00000361624	1542	2145.78356316971	84
83	0.503	ENST00000361624	1542	2145.78356316971	85
84	0.259	ENST00000361624	1542	2145.78356316971	86
85	0.268	ENST00000361624	1542	2145.78356316971	87
86	0.0	ENST00000361624	1542	2145.78356316971	88
87	0.236	ENST00000361624	1542	2145.78356316971	89
88	0.464	ENST00000361624	1542	2145.78356316971	90
89	0.147	ENST00000361624	1542	2145.78356316971	91
90	0.083	ENST00000361624	1542	2145.78356316971	92
91	0.021	ENST00000361624	1542	2145.78356316971	93
92	0.0	ENST00000361624	1542	2145.78356316971	94
93	0.017	ENST00000361624	1542	2145.78356316971	95
94	0.11	ENST00000361624	1542	2145.78356316971	96
95	0.119	ENST00000361624	1542	2145.78356316971	97
96	0.018	ENST00000361624	1542	2145.78356316971	98
97	0.062	ENST00000361624	1542	2145.78356316971	99
98	0.0	ENST00000361624	1542	2145.78356316971	100
99	0.0	ENST00000361624	1542	2145.78356316971	101
100	0.238	ENST00000361624	1542	2145.78356316971	102
101	0.392	ENST00000361624	1542	2145.78356316971	103
102	0.35	ENST00000361624	1542	2145.78356316971	104
103	0.067	ENST00000361624	1542	2145.78356316971	105
104	0.265	ENST00000361624	1542	2145.78356316971	106
105	0.521	ENST00000361624	1542	2145.78356316971	107
106	0.155	ENST00000361624	1542	2145.78356316971	108
107	0.034	ENST00000361624	1542	2145.78356316971	109
108	0.518	ENST00000361624	1542	2145.78356316971	110
109	1.0	ENST00000361624	1542	2145.78356316971	111
110	1.0	ENST00000361624	1542	2145.78356316971	112
111	1.0	ENST00000361624	1542	2145.78356316971	113
112	1.0	ENST00000361624	1542	2145.78356316971	114
113	0.379	ENST00000361624	1542	2145.78356316971	115
114	0.298	ENST00000361624	1542	2145.78356316971	116
115	0.697	ENST00000361624	1542	2145.78356316971	117
116	0.841	ENST00000361624	1542	2145.78356316971	118
117	0.387	ENST00000361624	1542	2145.78356316971	119
118	0.041	ENST00000361624	1542	2145.78356316971	120
119	0.133	ENST00000361624	1542	2145.78356316971	121
120	0.302	ENST00000361624	1542	2145.78356316971	122
121	0.228	ENST00000361624	1542	2145.78356316971	123
122	0.002	ENST00000361624	1542	2145.78356316971	124
123	0.016	ENST00000361624	1542	2145.78356316971	125
124	0.0	ENST00000361624	1542	2145.78356316971	126
125	0.009	ENST00000361624	1542	2145.78356316971	127
126	0.079	ENST00000361624	1542	2145.78356316971	128
127	0.1	ENST00000361624	1542	2145.78356316971	129
128	0.02	ENST00000361624	1542	2145.78356316971	130
129	0.049	ENST00000361624	1542	2145.78356316971	131
130	0.096	ENST00000361624	1542	2145.78356316971	132
131	0.189	ENST00000361624	1542	2145.78356316971	133
132	0.066	ENST00000361624	1542	2145.78356316971	134
133	0.266	ENST00000361624	1542	2145.78356316971	135
134	0.033	ENST00000361624	1542	2145.78356316971	136
135	0.028	ENST00000361624	1542	2145.78356316971	137
136	0.003	ENST00000361624	1542	2145.78356316971	138
137	0.152	ENST00000361624	1542	2145.78356316971	139
138	0.556	ENST00000361624	1542	2145.78356316971	140
139	0.161	ENST00000361624	1542	2145.78356316971	141
140	0.107	ENST00000361624	1542	2145.78356316971	142
141	0.593	ENST00000361624	1542	2145.78356316971	143
142	0.937	ENST00000361624	1542	2145.78356316971	144
143	0.375	ENST00000361624	1542	2145.78356316971	145
144	0.776	ENST00000361624	1542	2145.78356316971	146
145	1.0	ENST00000361624	1542	2145.78356316971	147
146	0.22	ENST00000361624	1542	2145.78356316971	148
147	0.04	ENST00000361624	1542	2145.78356316971	149
148	0.048	ENST00000361624	1542	2145.78356316971	150
149	0.022	ENST00000361624	1542	2145.78356316971	151
150	0.072	ENST00000361624	1542	2145.78356316971	152
151	0.019	ENST00000361624	1542	2145.78356316971	153
152	0.027	ENST00000361624	1542	2145.78356316971	154
153	0.638	ENST00000361624	1542	2145.78356316971	155
154	0.495	ENST00000361624	1542	2145.78356316971	156
155	0.209	ENST00000361624	1542	2145.78356316971	157
156	0.754	ENST00000361624	1542	2145.78356316971	158
157	0.222	ENST00000361624	1542	2145.78356316971	159
158	1.0	ENST00000361624	1542	2145.78356316971	160
159	1.0	ENST00000361624	1542	2145.78356316971	161
160	0.44	ENST00000361624	1542	2145.78356316971	162
161	0.694	ENST00000361624	1542	2145.78356316971	163
162	1.0	ENST00000361624	1542	2145.78356316971	164
163	0.455	ENST00000361624	1542	2145.78356316971	165
164	0.631	ENST00000361624	1542	2145.78356316971	166
165	1.0	ENST00000361624	1542	2145.78356316971	167
166	0.214	ENST00000361624	1542	2145.78356316971	168
167	0.1	ENST00000361624	1542	2145.78356316971	169
168	0.119	ENST00000361624	1542	2145.78356316971	170
169	0.159	ENST00000361624	1542	2145.78356316971	171
170	0.203	ENST00000361624	1542	2145.78356316971	172
171	0.072	ENST00000361624	1542	2145.78356316971	173
172	0.023	ENST00000361624	1542	2145.78356316971	174
173	0.057	ENST00000361624	1542	2145.78356316971	175
174	0.292	ENST00000361624	1542	2145.78356316971	176
175	0.149	ENST00000361624	1542	2145.78356316971	177
176	0.271	ENST00000361624	1542	2145.78356316971	178
177	0.0	ENST00000361624	1542	2145.78356316971	179
178	0.069	ENST00000361624	1542	2145.78356316971	180
179	0.044	ENST00000361624	1542	2145.78356316971	181
180	0.0	ENST00000361624	1542	2145.78356316971	182
181	0.0	ENST00000361624	1542	2145.78356316971	183
182	0.0	ENST00000361624	1542	2145.78356316971	184
183	0.0	ENST00000361624	1542	2145.78356316971	185
184	0.014	ENST00000361624	1542	2145.78356316971	186
185	0.121	ENST00000361624	1542	2145.78356316971	187
186	0.0	ENST00000361624	1542	2145.78356316971	188
187	0.0	ENST00000361624	1542	2145.78356316971	189
188	0.169	ENST00000361624	1542	2145.78356316971	190
189	0.157	ENST00000361624	1542	2145.78356316971	191
190	0.144	ENST00000361624	1542	2145.78356316971	192
191	0.295	ENST00000361624	1542	2145.78356316971	193
192	0.234	ENST00000361624	1542	2145.78356316971	194
193	0.409	ENST00000361624	1542	2145.78356316971	195
194	0.183	ENST00000361624	1542	2145.78356316971	196
195	0.15	ENST00000361624	1542	2145.78356316971	197
196	0.186	ENST00000361624	1542	2145.78356316971	198
197	0.351	ENST00000361624	1542	2145.78356316971	199
198	0.379	ENST00000361624	1542	2145.78356316971	200
199	0.121	ENST00000361624	1542	2145.78356316971	201
200	0.762	ENST00000361624	1542	2145.78356316971	202
201	0.614	ENST00000361624	1542	2145.78356316971	203
202	0.112	ENST00000361624	1542	2145.78356316971	204
203	0.357	ENST00000361624	1542	2145.78356316971	205
204	1.0	ENST00000361624	1542	2145.78356316971	206
205	0.021	ENST00000361624	1542	2145.78356316971	207
206	0.707	ENST00000361624	1542	2145.78356316971	208
207	0.681	ENST00000361624	1542	2145.78356316971	209
208	0.429	ENST00000361624	1542	2145.78356316971	210
209	0.462	ENST00000361624	1542	2145.78356316971	211
210	0.542	ENST00000361624	1542	2145.78356316971	212
211	0.662	ENST00000361624	1542	2145.78356316971	213
212	1.0	ENST00000361624	1542	2145.78356316971	214
213	1.0	ENST00000361624	1542	2145.78356316971	215
214	1.0	ENST00000361624	1542	2145.78356316971	216
215	0.396	ENST00000361624	1542	2145.78356316971	217
216	0.116	ENST00000361624	1542	2145.78356316971	218
217	0.102	ENST00000361624	1542	2145.78356316971	219
218	0.543	ENST00000361624	1542	2145.78356316971	220
219	0.99	ENST00000361624	1542	2145.78356316971	221
220	0.123	ENST00000361624	1542	2145.78356316971	222
221	0.387	ENST00000361624	1542	2145.78356316971	223
222	0.688	ENST00000361624	1542	2145.78356316971	224
223	0.656	ENST00000361624	1542	2145.78356316971	225
224	1.0	ENST00000361624	1542	2145.78356316971	226
225	1.0	ENST00000361624	1542	2145.78356316971	227
226	0.036	ENST00000361624	1542	2145.78356316971	228
227	0.0	ENST00000361624	1542	2145.78356316971	229
228	0.0	ENST00000361624	1542	2145.78356316971	230
229	0.038	ENST00000361624	1542	2145.78356316971	231
230	0.007	ENST00000361624	1542	2145.78356316971	232
231	0.002	ENST00000361624	1542	2145.78356316971	233
232	0.0	ENST00000361624	1542	2145.78356316971	234
233	0.0	ENST00000361624	1542	2145.78356316971	235
234	0.172	ENST00000361624	1542	2145.78356316971	236
235	0.425	ENST00000361624	1542	2145.78356316971	237
236	0.052	ENST00000361624	1542	2145.78356316971	238
237	0.016	ENST00000361624	1542	2145.78356316971	239
238	0.04	ENST00000361624	1542	2145.78356316971	240
239	0.661	ENST00000361624	1542	2145.78356316971	241
240	0.491	ENST00000361624	1542	2145.78356316971	242
241	0.021	ENST00000361624	1542	2145.78356316971	243
242	0.032	ENST00000361624	1542	2145.78356316971	244
243	0.057	ENST00000361624	1542	2145.78356316971	245
244	1.0	ENST00000361624	1542	2145.78356316971	246
245	1.0	ENST00000361624	1542	2145.78356316971	247
246	0.914	ENST00000361624	1542	2145.78356316971	248
247	0.996	ENST00000361624	1542	2145.78356316971	249
248	0.292	ENST00000361624	1542	2145.78356316971	250
249	0.153	ENST00000361624	1542	2145.78356316971	251
250	0.399	ENST00000361624	1542	2145.78356316971	252
251	0.052	ENST00000361624	1542	2145.78356316971	253
252	0.067	ENST00000361624	1542	2145.78356316971	254
253	0.0	ENST00000361624	1542	2145.78356316971	255
254	0.012	ENST00000361624	1542	2145.78356316971	256
255	0.009	ENST00000361624	1542	2145.78356316971	257
256	0.654	ENST00000361624	1542	2145.78356316971	258
257	1.0	ENST00000361624	1542	2145.78356316971	259
258	1.0	ENST00000361624	1542	2145.78356316971	260
259	1.0	ENST00000361624	1542	2145.78356316971	261
260	1.0	ENST00000361624	1542	2145.78356316971	262
261	1.0	ENST00000361624	1542	2145.78356316971	263
262	0.223	ENST00000361624	1542	2145.78356316971	264
263	0.099	ENST00000361624	1542	2145.78356316971	265
264	0.067	ENST00000361624	1542	2145.78356316971	266
265	0.116	ENST00000361624	1542	2145.78356316971	267
266	0.102	ENST00000361624	1542	2145.78356316971	268
267	0.0	ENST00000361624	1542	2145.78356316971	269
268	0.0	ENST00000361624	1542	2145.78356316971	270
269	0.0	ENST00000361624	1542	2145.78356316971	271
270	0.0	ENST00000361624	1542	2145.78356316971	272
271	0.0	ENST00000361624	1542	2145.78356316971	273
272	0.022	ENST00000361624	1542	2145.78356316971	274
273	0.0	ENST00000361624	1542	2145.78356316971	275
274	0.131	ENST00000361624	1542	2145.78356316971	276
275	0.0	ENST00000361624	1542	2145.78356316971	277
276	0.062	ENST00000361624	1542	2145.78356316971	278
277	0.021	ENST00000361624	1542	2145.78356316971	279
278	0.156	ENST00000361624	1542	2145.78356316971	280
279	0.024	ENST00000361624	1542	2145.78356316971	281
280	0.128	ENST00000361624	1542	2145.78356316971	282
281	0.256	ENST00000361624	1542	2145.78356316971	283
282	0.263	ENST00000361624	1542	2145.78356316971	284
283	0.541	ENST00000361624	1542	2145.78356316971	285
284	0.097	ENST00000361624	1542	2145.78356316971	286
285	0.102	ENST00000361624	1542	2145.78356316971	287
286	0.043	ENST00000361624	1542	2145.78356316971	288
287	0.072	ENST00000361624	1542	2145.78356316971	289
288	0.098	ENST00000361624	1542	2145.78356316971	290
289	0.102	ENST00000361624	1542	2145.78356316971	291
290	0.229	ENST00000361624	1542	2145.78356316971	292
291	0.428	ENST00000361624	1542	2145.78356316971	293
292	0.65	ENST00000361624	1542	2145.78356316971	294
293	0.553	ENST00000361624	1542	2145.78356316971	295
294	0.902	ENST00000361624	1542	2145.78356316971	296
295	0.262	ENST00000361624	1542	2145.78356316971	297
296	0.281	ENST00000361624	1542	2145.78356316971	298
297	0.58	ENST00000361624	1542	2145.78356316971	299
298	0.152	ENST00000361624	1542	2145.78356316971	300
299	0.25	ENST00000361624	1542	2145.78356316971	301
300	0.605	ENST00000361624	1542	2145.78356316971	302
301	0.733	ENST00000361624	1542	2145.78356316971	303
302	0.367	ENST00000361624	1542	2145.78356316971	304
303	0.18	ENST00000361624	1542	2145.78356316971	305
304	0.186	ENST00000361624	1542	2145.78356316971	306
305	0.203	ENST00000361624	1542	2145.78356316971	307
306	0.465	ENST00000361624	1542	2145.78356316971	308
307	0.013	ENST00000361624	1542	2145.78356316971	309
308	0.143	ENST00000361624	1542	2145.78356316971	310
309	0.05	ENST00000361624	1542	2145.78356316971	311
310	0.632	ENST00000361624	1542	2145.78356316971	312
311	0.387	ENST00000361624	1542	2145.78356316971	313
312	0.245	ENST00000361624	1542	2145.78356316971	314
313	0.061	ENST00000361624	1542	2145.78356316971	315
314	0.298	ENST00000361624	1542	2145.78356316971	316
315	0.791	ENST00000361624	1542	2145.78356316971	317
316	1.0	ENST00000361624	1542	2145.78356316971	318
317	0.146	ENST00000361624	1542	2145.78356316971	319
318	0.052	ENST00000361624	1542	2145.78356316971	320
319	0.443	ENST00000361624	1542	2145.78356316971	321
320	0.097	ENST00000361624	1542	2145.78356316971	322
321	0.034	ENST00000361624	1542	2145.78356316971	323
322	0.05	ENST00000361624	1542	2145.78356316971	324
323	0.381	ENST00000361624	1542	2145.78356316971	325
324	0.0	ENST00000361624	1542	2145.78356316971	326
325	0.326	ENST00000361624	1542	2145.78356316971	327
326	0.128	ENST00000361624	1542	2145.78356316971	328
327	0.485	ENST00000361624	1542	2145.78356316971	329
328	0.021	ENST00000361624	1542	2145.78356316971	330
329	0.124	ENST00000361624	1542	2145.78356316971	331
330	0.265	ENST00000361624	1542	2145.78356316971	332
331	0.993	ENST00000361624	1542	2145.78356316971	333
332	0.279	ENST00000361624	1542	2145.78356316971	334
333	0.753	ENST00000361624	1542	2145.78356316971	335
334	0.209	ENST00000361624	1542	2145.78356316971	336
335	0.208	ENST00000361624	1542	2145.78356316971	337
336	0.382	ENST00000361624	1542	2145.78356316971	338
337	0.427	ENST00000361624	1542	2145.78356316971	339
338	0.697	ENST00000361624	1542	2145.78356316971	340
339	1.0	ENST00000361624	1542	2145.78356316971	341
340	0.265	ENST00000361624	1542	2145.78356316971	342
341	0.648	ENST00000361624	1542	2145.78356316971	343
342	0.212	ENST00000361624	1542	2145.78356316971	344
343	1.0	ENST00000361624	1542	2145.78356316971	345
344	0.801	ENST00000361624	1542	2145.78356316971	346
345	0.33	ENST00000361624	1542	2145.78356316971	347
346	0.287	ENST00000361624	1542	2145.78356316971	348
347	0.325	ENST00000361624	1542	2145.78356316971	349
348	0.191	ENST00000361624	1542	2145.78356316971	350
349	0.247	ENST00000361624	1542	2145.78356316971	351
350	1.0	ENST00000361624	1542	2145.78356316971	352
351	0.733	ENST00000361624	1542	2145.78356316971	353
352	1.0	ENST00000361624	1542	2145.78356316971	354
353	1.0	ENST00000361624	1542	2145.78356316971	355
354	0.506	ENST00000361624	1542	2145.78356316971	356
355	0.189	ENST00000361624	1542	2145.78356316971	357
356	0.034	ENST00000361624	1542	2145.78356316971	358
357	0.169	ENST00000361624	1542	2145.78356316971	359
358	0.059	ENST00000361624	1542	2145.78356316971	360
359	0.307	ENST00000361624	1542	2145.78356316971	361
360	0.717	ENST00000361624	1542	2145.78356316971	362
361	0.167	ENST00000361624	1542	2145.78356316971	363
362	0.09	ENST00000361624	1542	2145.78356316971	364
363	0.097	ENST00000361624	1542	2145.78356316971	365
364	0.136	ENST00000361624	1542	2145.78356316971	366
365	0.0	ENST00000361624	1542	2145.78356316971	367
366	0.025	ENST00000361624	1542	2145.78356316971	368
367	0.507	ENST00000361624	1542	2145.78356316971	369
368	0.034	ENST00000361624	1542	2145.78356316971	370
369	0.047	ENST00000361624	1542	2145.78356316971	371
370	0.351	ENST00000361624	1542	2145.78356316971	372
371	1.0	ENST00000361624	1542	2145.78356316971	373
372	0.575	ENST00000361624	1542	2145.78356316971	374
373	1.0	ENST00000361624	1542	2145.78356316971	375
374	0.377	ENST00000361624	1542	2145.78356316971	376
375	0.178	ENST00000361624	1542	2145.78356316971	377
376	0.24	ENST00000361624	1542	2145.78356316971	378
377	0.205	ENST00000361624	1542	2145.78356316971	379
378	0.171	ENST00000361624	1542	2145.78356316971	380
379	1.0	ENST00000361624	1542	2145.78356316971	381
380	1.0	ENST00000361624	1542	2145.78356316971	382
381	0.409	ENST00000361624	1542	2145.78356316971	383
382	0.471	ENST00000361624	1542	2145.78356316971	384
383	0.324	ENST00000361624	1542	2145.78356316971	385
384	0.148	ENST00000361624	1542	2145.78356316971	386
385	0.005	ENST00000361624	1542	2145.78356316971	387
386	0.094	ENST00000361624	1542	2145.78356316971	388
387	0.274	ENST00000361624	1542	2145.78356316971	389
388	0.029	ENST00000361624	1542	2145.78356316971	390
389	0.001	ENST00000361624	1542	2145.78356316971	391
390	0.051	ENST00000361624	1542	2145.78356316971	392
391	0.553	ENST00000361624	1542	2145.78356316971	393
392	0.04	ENST00000361624	1542	2145.78356316971	394
393	0.004	ENST00000361624	1542	2145.78356316971	395
394	0.0	ENST00000361624	1542	2145.78356316971	396
395	0.223	ENST00000361624	1542	2145.78356316971	397
396	0.617	ENST00000361624	1542	2145.78356316971	398
397	0.773	ENST00000361624	1542	2145.78356316971	399
398	0.799	ENST00000361624	1542	2145.78356316971	400
399	0.255	ENST00000361624	1542	2145.78356316971	401
400	0.574	ENST00000361624	1542	2145.78356316971	402
401	0.075	ENST00000361624	1542	2145.78356316971	403
402	0.005	ENST00000361624	1542	2145.78356316971	404
403	0.014	ENST00000361624	1542	2145.78356316971	405
404	0.039	ENST00000361624	1542	2145.78356316971	406
405	0.221	ENST00000361624	1542	2145.78356316971	407
406	0.287	ENST00000361624	1542	2145.78356316971	408
407	0.692	ENST00000361624	1542	2145.78356316971	409
408	1.0	ENST00000361624	1542	2145.78356316971	410
409	0.176	ENST00000361624	1542	2145.78356316971	411
410	0.404	ENST00000361624	1542	2145.78356316971	412
411	0.058	ENST00000361624	1542	2145.78356316971	413
412	0.0	ENST00000361624	1542	2145.78356316971	414
413	0.01	ENST00000361624	1542	2145.78356316971	415
414	0.347	ENST00000361624	1542	2145.78356316971	416
415	0.557	ENST00000361624	1542	2145.78356316971	417
416	0.186	ENST00000361624	1542	2145.78356316971	418
417	0.139	ENST00000361624	1542	2145.78356316971	419
418	0.188	ENST00000361624	1542	2145.78356316971	420
419	0.08	ENST00000361624	1542	2145.78356316971	421
420	0.0	ENST00000361624	1542	2145.78356316971	422
421	0.072	ENST00000361624	1542	2145.78356316971	423
422	0.167	ENST00000361624	1542	2145.78356316971	424
423	0.132	ENST00000361624	1542	2145.78356316971	425
424	0.169	ENST00000361624	1542	2145.78356316971	426
425	0.972	ENST00000361624	1542	2145.78356316971	427
426	0.843	ENST00000361624	1542	2145.78356316971	428
427	0.135	ENST00000361624	1542	2145.78356316971	429
428	0.514	ENST00000361624	1542	2145.78356316971	430
429	0.222	ENST00000361624	1542	2145.78356316971	431
430	0.099	ENST00000361624	1542	2145.78356316971	432
431	0.072	ENST00000361624	1542	2145.78356316971	433
432	0.393	ENST00000361624	1542	2145.78356316971	434
433	0.11	ENST00000361624	1542	2145.78356316971	435
434	0.0	ENST00000361624	1542	2145.78356316971	436
435	0.237	ENST00000361624	1542	2145.78356316971	437
436	1.0	ENST00000361624	1542	2145.78356316971	438
437	0.784	ENST00000361624	1542	2145.78356316971	439
438	0.188	ENST00000361624	1542	2145.78356316971	440
439	0.076	ENST00000361624	1542	2145.78356316971	441
440	0.265	ENST00000361624	1542	2145.78356316971	442
441	0.771	ENST00000361624	1542	2145.78356316971	443
442	0.163	ENST00000361624	1542	2145.78356316971	444
443	0.787	ENST00000361624	1542	2145.78356316971	445
444	0.282	ENST00000361624	1542	2145.78356316971	446
445	0.276	ENST00000361624	1542	2145.78356316971	447
446	0.607	ENST00000361624	1542	2145.78356316971	448
447	0.248	ENST00000361624	1542	2145.78356316971	449
448	0.089	ENST00000361624	1542	2145.78356316971	450
449	0.52	ENST00000361624	1542	2145.78356316971	451
450	0.974	ENST00000361624	1542	2145.78356316971	452
451	1.0	ENST00000361624	1542	2145.78356316971	453
452	0.454	ENST00000361624	1542	2145.78356316971	454
453	0.19	ENST00000361624	1542	2145.78356316971	455
454	0.063	ENST00000361624	1542	2145.78356316971	456
455	0.007	ENST00000361624	1542	2145.78356316971	457
456	0.139	ENST00000361624	1542	2145.78356316971	458
457	0.212	ENST00000361624	1542	2145.78356316971	459
458	0.829	ENST00000361624	1542	2145.78356316971	460
459	0.562	ENST00000361624	1542	2145.78356316971	461
460	0.635	ENST00000361624	1542	2145.78356316971	462
461	0.168	ENST00000361624	1542	2145.78356316971	463
462	0.0	ENST00000361624	1542	2145.78356316971	464
463	0.0	ENST00000361624	1542	2145.78356316971	465
464	0.029	ENST00000361624	1542	2145.78356316971	466
465	0.253	ENST00000361624	1542	2145.78356316971	467
466	0.264	ENST00000361624	1542	2145.78356316971	468
467	0.459	ENST00000361624	1542	2145.78356316971	469
468	0.158	ENST00000361624	1542	2145.78356316971	470
469	0.088	ENST00000361624	1542	2145.78356316971	471
470	0.188	ENST00000361624	1542	2145.78356316971	472
471	0.0	ENST00000361624	1542	2145.78356316971	473
472	0.323	ENST00000361624	1542	2145.78356316971	474
473	0.799	ENST00000361624	1542	2145.78356316971	475
474	1.0	ENST00000361624	1542	2145.78356316971	476
475	0.392	ENST00000361624	1542	2145.78356316971	477
476	0.697	ENST00000361624	1542	2145.78356316971	478
477	1.0	ENST00000361624	1542	2145.78356316971	479
478	0.825	ENST00000361624	1542	2145.78356316971	480
479	0.044	ENST00000361624	1542	2145.78356316971	481
480	0.0	ENST00000361624	1542	2145.78356316971	482
481	0.012	ENST00000361624	1542	2145.78356316971	483
482	0.008	ENST00000361624	1542	2145.78356316971	484
483	0.0	ENST00000361624	1542	2145.78356316971	485
484	0.035	ENST00000361624	1542	2145.78356316971	486
485	0.227	ENST00000361624	1542	2145.78356316971	487
486	0.486	ENST00000361624	1542	2145.78356316971	488
487	0.087	ENST00000361624	1542	2145.78356316971	489
488	0.23	ENST00000361624	1542	2145.78356316971	490
489	0.525	ENST00000361624	1542	2145.78356316971	491
490	0.501	ENST00000361624	1542	2145.78356316971	492
491	0.528	ENST00000361624	1542	2145.78356316971	493
492	0.609	ENST00000361624	1542	2145.78356316971	494
493	0.158	ENST00000361624	1542	2145.78356316971	495
494	0.337	ENST00000361624	1542	2145.78356316971	496
495	0.5	ENST00000361624	1542	2145.78356316971	497
496	0.17	ENST00000361624	1542	2145.78356316971	498
497	0.135	ENST00000361624	1542	2145.78356316971	499
498	0.064	ENST00000361624	1542	2145.78356316971	500
499	0.216	ENST00000361624	1542	2145.78356316971	501
500	0.076	ENST00000361624	1542	2145.78356316971	502
501	0.062	ENST00000361624	1542	2145.78356316971	503
502	0.088	ENST00000361624	1542	2145.78356316971	504
503	0.391	ENST00000361624	1542	2145.78356316971	505
504	0.364	ENST00000361624	1542	2145.78356316971	506
505	0.356	ENST00000361624	1542	2145.78356316971	507
506	0.738	ENST00000361624	1542	2145.78356316971	508
507	0.75	ENST00000361624	1542	2145.78356316971	509
508	0.186	ENST00000361624	1542	2145.78356316971	510
509	0.095	ENST00000361624	1542	2145.78356316971	511
510	0.209	ENST00000361624	1542	2145.78356316971	512
511	0.235	ENST00000361624	1542	2145.78356316971	513
512	0.144	ENST00000361624	1542	2145.78356316971	514
513	0.287	ENST00000361624	1542	2145.78356316971	515
514	0.216	ENST00000361624	1542	2145.78356316971	516
515	0.203	ENST00000361624	1542	2145.78356316971	517
516	0.155	ENST00000361624	1542	2145.78356316971	518
517	0.258	ENST00000361624	1542	2145.78356316971	519
518	0.0	ENST00000361624	1542	2145.78356316971	520
519	0.009	ENST00000361624	1542	2145.78356316971	521
520	0.0	ENST00000361624	1542	2145.78356316971	522
521	0.0	ENST00000361624	1542	2145.78356316971	523
522	0.0	ENST00000361624	1542	2145.78356316971	524
523	0.012	ENST00000361624	1542	2145.78356316971	525
524	0.056	ENST00000361624	1542	2145.78356316971	526
525	0.1	ENST00000361624	1542	2145.78356316971	527
526	0.017	ENST00000361624	1542	2145.78356316971	528
527	0.032	ENST00000361624	1542	2145.78356316971	529
528	0.273	ENST00000361624	1542	2145.78356316971	530
529	0.208	ENST00000361624	1542	2145.78356316971	531
530	0.262	ENST00000361624	1542	2145.78356316971	532
531	0.105	ENST00000361624	1542	2145.78356316971	533
532	0.011	ENST00000361624	1542	2145.78356316971	534
533	0.005	ENST00000361624	1542	2145.78356316971	535
534	0.0	ENST00000361624	1542	2145.78356316971	536
535	0.254	ENST00000361624	1542	2145.78356316971	537
536	0.324	ENST00000361624	1542	2145.78356316971	538
537	0.244	ENST00000361624	1542	2145.78356316971	539
538	0.325	ENST00000361624	1542	2145.78356316971	540
539	0.0	ENST00000361624	1542	2145.78356316971	541
540	0.122	ENST00000361624	1542	2145.78356316971	542
541	0.208	ENST00000361624	1542	2145.78356316971	543
542	0.51	ENST00000361624	1542	2145.78356316971	544
543	0.093	ENST00000361624	1542	2145.78356316971	545
544	0.084	ENST00000361624	1542	2145.78356316971	546
545	0.033	ENST00000361624	1542	2145.78356316971	547
546	0.016	ENST00000361624	1542	2145.78356316971	548
547	0.045	ENST00000361624	1542	2145.78356316971	549
548	0.043	ENST00000361624	1542	2145.78356316971	550
549	0.297	ENST00000361624	1542	2145.78356316971	551
550	0.065	ENST00000361624	1542	2145.78356316971	552
551	0.193	ENST00000361624	1542	2145.78356316971	553
552	0.304	ENST00000361624	1542	2145.78356316971	554
553	0.082	ENST00000361624	1542	2145.78356316971	555
554	0.111	ENST00000361624	1542	2145.78356316971	556
555	0.406	ENST00000361624	1542	2145.78356316971	557
556	0.16	ENST00000361624	1542	2145.78356316971	558
557	0.056	ENST00000361624	1542	2145.78356316971	559
558	0.075	ENST00000361624	1542	2145.78356316971	560
559	0.935	ENST00000361624	1542	2145.78356316971	561
560	0.724	ENST00000361624	1542	2145.78356316971	562
561	0.167	ENST00000361624	1542	2145.78356316971	563
562	0.015	ENST00000361624	1542	2145.78356316971	564
563	0.274	ENST00000361624	1542	2145.78356316971	565
564	0.829	ENST00000361624	1542	2145.78356316971	566
565	0.134	ENST00000361624	1542	2145.78356316971	567
566	0.041	ENST00000361624	1542	2145.78356316971	568
567	0.183	ENST00000361624	1542	2145.78356316971	569
568	0.555	ENST00000361624	1542	2145.78356316971	570
569	0.781	ENST00000361624	1542	2145.78356316971	571
570	1.0	ENST00000361624	1542	2145.78356316971	572
571	0.328	ENST00000361624	1542	2145.78356316971	573
572	0.46	ENST00000361624	1542	2145.78356316971	574
573	0.115	ENST00000361624	1542	2145.78356316971	575
574	0.0	ENST00000361624	1542	2145.78356316971	576
575	0.064	ENST00000361624	1542	2145.78356316971	577
576	0.0	ENST00000361624	1542	2145.78356316971	578
577	0.0	ENST00000361624	1542	2145.78356316971	579
578	0.061	ENST00000361624	1542	2145.78356316971	580
579	0.176	ENST00000361624	1542	2145.78356316971	581
580	0.009	ENST00000361624	1542	2145.78356316971	582
581	0.125	ENST00000361624	1542	2145.78356316971	583
582	0.165	ENST00000361624	1542	2145.78356316971	584
583	0.35	ENST00000361624	1542	2145.78356316971	585
584	0.05	ENST00000361624	1542	2145.78356316971	586
585	0.239	ENST00000361624	1542	2145.78356316971	587
586	0.448	ENST00000361624	1542	2145.78356316971	588
587	0.206	ENST00000361624	1542	2145.78356316971	589
588	0.461	ENST00000361624	1542	2145.78356316971	590
589	0.18	ENST00000361624	1542	2145.78356316971	591
590	0.0	ENST00000361624	1542	2145.78356316971	592
591	0.259	ENST00000361624	1542	2145.78356316971	593
592	0.641	ENST00000361624	1542	2145.78356316971	594
593	0.605	ENST00000361624	1542	2145.78356316971	595
594	0.19	ENST00000361624	1542	2145.78356316971	596
595	0.28	ENST00000361624	1542	2145.78356316971	597
596	0.086	ENST00000361624	1542	2145.78356316971	598
597	0.305	ENST00000361624	1542	2145.78356316971	599
598	0.124	ENST00000361624	1542	2145.78356316971	600
599	0.114	ENST00000361624	1542	2145.78356316971	601
600	0.0	ENST00000361624	1542	2145.78356316971	602
601	0.069	ENST00000361624	1542	2145.78356316971	603
602	0.159	ENST00000361624	1542	2145.78356316971	604
603	0.388	ENST00000361624	1542	2145.78356316971	605
604	0.086	ENST00000361624	1542	2145.78356316971	606
605	0.0	ENST00000361624	1542	2145.78356316971	607
606	0.15	ENST00000361624	1542	2145.78356316971	608
607	0.203	ENST00000361624	1542	2145.78356316971	609
608	0.045	ENST00000361624	1542	2145.78356316971	610
609	0.005	ENST00000361624	1542	2145.78356316971	611
610	0.0	ENST00000361624	1542	2145.78356316971	612
611	0.0	ENST00000361624	1542	2145.78356316971	613
612	0.0	ENST00000361624	1542	2145.78356316971	614
613	0.0	ENST00000361624	1542	2145.78356316971	615
614	0.0	ENST00000361624	1542	2145.78356316971	616
615	0.0	ENST00000361624	1542	2145.78356316971	617
616	0.035	ENST00000361624	1542	2145.78356316971	618
617	0.028	ENST00000361624	1542	2145.78356316971	619
618	0.386	ENST00000361624	1542	2145.78356316971	620
619	0.12	ENST00000361624	1542	2145.78356316971	621
620	0.137	ENST00000361624	1542	2145.78356316971	622
621	0.063	ENST00000361624	1542	2145.78356316971	623
622	0.0	ENST00000361624	1542	2145.78356316971	624
623	0.35	ENST00000361624	1542	2145.78356316971	625
624	0.258	ENST00000361624	1542	2145.78356316971	626
625	0.379	ENST00000361624	1542	2145.78356316971	627
626	0.493	ENST00000361624	1542	2145.78356316971	628
627	0.246	ENST00000361624	1542	2145.78356316971	629
628	0.331	ENST00000361624	1542	2145.78356316971	630
629	0.059	ENST00000361624	1542	2145.78356316971	631
630	0.183	ENST00000361624	1542	2145.78356316971	632
631	0.508	ENST00000361624	1542	2145.78356316971	633
632	0.816	ENST00000361624	1542	2145.78356316971	634
633	0.0	ENST00000361624	1542	2145.78356316971	635
634	0.113	ENST00000361624	1542	2145.78356316971	636
635	0.115	ENST00000361624	1542	2145.78356316971	637
636	1.0	ENST00000361624	1542	2145.78356316971	638
637	0.39	ENST00000361624	1542	2145.78356316971	639
638	0.067	ENST00000361624	1542	2145.78356316971	640
639	0.159	ENST00000361624	1542	2145.78356316971	641
640	0.497	ENST00000361624	1542	2145.78356316971	642
641	0.616	ENST00000361624	1542	2145.78356316971	643
642	0.994	ENST00000361624	1542	2145.78356316971	644
643	0.219	ENST00000361624	1542	2145.78356316971	645
644	0.213	ENST00000361624	1542	2145.78356316971	646
645	0.178	ENST00000361624	1542	2145.78356316971	647
646	0.247	ENST00000361624	1542	2145.78356316971	648
647	0.412	ENST00000361624	1542	2145.78356316971	649
648	1.0	ENST00000361624	1542	2145.78356316971	650
649	0.479	ENST00000361624	1542	2145.78356316971	651
650	0.507	ENST00000361624	1542	2145.78356316971	652
651	0.431	ENST00000361624	1542	2145.78356316971	653
652	0.131	ENST00000361624	1542	2145.78356316971	654
653	0.444	ENST00000361624	1542	2145.78356316971	655
654	0.098	ENST00000361624	1542	2145.78356316971	656
655	0.0	ENST00000361624	1542	2145.78356316971	657
656	0.0	ENST00000361624	1542	2145.78356316971	658
657	0.0	ENST00000361624	1542	2145.78356316971	659
658	0.0	ENST00000361624	1542	2145.78356316971	660
659	0.021	ENST00000361624	1542	2145.78356316971	661
660	0.0	ENST00000361624	1542	2145.78356316971	662
661	0.0	ENST00000361624	1542	2145.78356316971	663
662	0.0	ENST00000361624	1542	2145.78356316971	664
663	0.026	ENST00000361624	1542	2145.78356316971	665
664	0.037	ENST00000361624	1542	2145.78356316971	666
665	0.126	ENST00000361624	1542	2145.78356316971	667
666	0.296	ENST00000361624	1542	2145.78356316971	668
667	0.162	ENST00000361624	1542	2145.78356316971	669
668	0.185	ENST00000361624	1542	2145.78356316971	670
669	0.039	ENST00000361624	1542	2145.78356316971	671
670	0.029	ENST00000361624	1542	2145.78356316971	672
671	0.0	ENST00000361624	1542	2145.78356316971	673
672	0.0	ENST00000361624	1542	2145.78356316971	674
673	0.0	ENST00000361624	1542	2145.78356316971	675
674	0.0	ENST00000361624	1542	2145.78356316971	676
675	0.0	ENST00000361624	1542	2145.78356316971	677
676	0.0	ENST00000361624	1542	2145.78356316971	678
677	0.0	ENST00000361624	1542	2145.78356316971	679
678	0.0	ENST00000361624	1542	2145.78356316971	680
679	0.029	ENST00000361624	1542	2145.78356316971	681
680	0.038	ENST00000361624	1542	2145.78356316971	682
681	0.161	ENST00000361624	1542	2145.78356316971	683
682	0.019	ENST00000361624	1542	2145.78356316971	684
683	0.027	ENST00000361624	1542	2145.78356316971	685
684	0.018	ENST00000361624	1542	2145.78356316971	686
685	0.0	ENST00000361624	1542	2145.78356316971	687
686	0.208	ENST00000361624	1542	2145.78356316971	688
687	0.377	ENST00000361624	1542	2145.78356316971	689
688	0.248	ENST00000361624	1542	2145.78356316971	690
689	0.134	ENST00000361624	1542	2145.78356316971	691
690	0.0	ENST00000361624	1542	2145.78356316971	692
691	0.533	ENST00000361624	1542	2145.78356316971	693
692	0.526	ENST00000361624	1542	2145.78356316971	694
693	0.544	ENST00000361624	1542	2145.78356316971	695
694	0.333	ENST00000361624	1542	2145.78356316971	696
695	0.045	ENST00000361624	1542	2145.78356316971	697
696	0.007	ENST00000361624	1542	2145.78356316971	698
697	0.423	ENST00000361624	1542	2145.78356316971	699
698	0.234	ENST00000361624	1542	2145.78356316971	700
699	0.447	ENST00000361624	1542	2145.78356316971	701
700	0.248	ENST00000361624	1542	2145.78356316971	702
701	0.076	ENST00000361624	1542	2145.78356316971	703
702	0.149	ENST00000361624	1542	2145.78356316971	704
703	0.888	ENST00000361624	1542	2145.78356316971	705
704	0.875	ENST00000361624	1542	2145.78356316971	706
705	0.636	ENST00000361624	1542	2145.78356316971	707
706	0.171	ENST00000361624	1542	2145.78356316971	708
707	0.149	ENST00000361624	1542	2145.78356316971	709
708	0.112	ENST00000361624	1542	2145.78356316971	710
709	0.246	ENST00000361624	1542	2145.78356316971	711
710	0.265	ENST00000361624	1542	2145.78356316971	712
711	0.211	ENST00000361624	1542	2145.78356316971	713
712	0.159	ENST00000361624	1542	2145.78356316971	714
713	0.15	ENST00000361624	1542	2145.78356316971	715
714	0.355	ENST00000361624	1542	2145.78356316971	716
715	0.003	ENST00000361624	1542	2145.78356316971	717
716	0.021	ENST00000361624	1542	2145.78356316971	718
717	0.08	ENST00000361624	1542	2145.78356316971	719
718	0.278	ENST00000361624	1542	2145.78356316971	720
719	0.087	ENST00000361624	1542	2145.78356316971	721
720	0.604	ENST00000361624	1542	2145.78356316971	722
721	0.275	ENST00000361624	1542	2145.78356316971	723
722	0.134	ENST00000361624	1542	2145.78356316971	724
723	0.035	ENST00000361624	1542	2145.78356316971	725
724	0.06	ENST00000361624	1542	2145.78356316971	726
725	0.113	ENST00000361624	1542	2145.78356316971	727
726	0.167	ENST00000361624	1542	2145.78356316971	728
727	0.136	ENST00000361624	1542	2145.78356316971	729
728	0.196	ENST00000361624	1542	2145.78356316971	730
729	0.203	ENST00000361624	1542	2145.78356316971	731
730	0.297	ENST00000361624	1542	2145.78356316971	732
731	0.319	ENST00000361624	1542	2145.78356316971	733
732	0.934	ENST00000361624	1542	2145.78356316971	734
733	0.665	ENST00000361624	1542	2145.78356316971	735
734	0.756	ENST00000361624	1542	2145.78356316971	736
735	0.865	ENST00000361624	1542	2145.78356316971	737
736	0.803	ENST00000361624	1542	2145.78356316971	738
737	0.202	ENST00000361624	1542	2145.78356316971	739
738	0.322	ENST00000361624	1542	2145.78356316971	740
739	0.283	ENST00000361624	1542	2145.78356316971	741
740	0.437	ENST00000361624	1542	2145.78356316971	742
741	0.369	ENST00000361624	1542	2145.78356316971	743
742	0.05	ENST00000361624	1542	2145.78356316971	744
743	0.009	ENST00000361624	1542	2145.78356316971	745
744	0.109	ENST00000361624	1542	2145.78356316971	746
745	0.332	ENST00000361624	1542	2145.78356316971	747
746	0.516	ENST00000361624	1542	2145.78356316971	748
747	0.143	ENST00000361624	1542	2145.78356316971	749
748	0.244	ENST00000361624	1542	2145.78356316971	750
749	0.037	ENST00000361624	1542	2145.78356316971	751
750	0.036	ENST00000361624	1542	2145.78356316971	752
751	0.005	ENST00000361624	1542	2145.78356316971	753
752	0.105	ENST00000361624	1542	2145.78356316971	754
753	0.222	ENST00000361624	1542	2145.78356316971	755
754	0.046	ENST00000361624	1542	2145.78356316971	756
755	0.014	ENST00000361624	1542	2145.78356316971	757
756	0.0	ENST00000361624	1542	2145.78356316971	758
757	0.017	ENST00000361624	1542	2145.78356316971	759
758	0.061	ENST00000361624	1542	2145.78356316971	760
759	0.187	ENST00000361624	1542	2145.78356316971	761
760	0.322	ENST00000361624	1542	2145.78356316971	762
761	0.568	ENST00000361624	1542	2145.78356316971	763
762	0.654	ENST00000361624	1542	2145.78356316971	764
763	0.129	ENST00000361624	1542	2145.78356316971	765
764	0.327	ENST00000361624	1542	2145.78356316971	766
765	0.183	ENST00000361624	1542	2145.78356316971	767
766	0.038	ENST00000361624	1542	2145.78356316971	768
767	0.061	ENST00000361624	1542	2145.78356316971	769
768	0.283	ENST00000361624	1542	2145.78356316971	770
769	0.515	ENST00000361624	1542	2145.78356316971	771
770	0.838	ENST00000361624	1542	2145.78356316971	772
771	0.958	ENST00000361624	1542	2145.78356316971	773
772	0.387	ENST00000361624	1542	2145.78356316971	774
773	0.406	ENST00000361624	1542	2145.78356316971	775
774	0.722	ENST00000361624	1542	2145.78356316971	776
775	0.82	ENST00000361624	1542	2145.78356316971	777
776	0.857	ENST00000361624	1542	2145.78356316971	778
777	0.239	ENST00000361624	1542	2145.78356316971	779
778	0.507	ENST00000361624	1542	2145.78356316971	780
779	0.956	ENST00000361624	1542	2145.78356316971	781
780	1.0	ENST00000361624	1542	2145.78356316971	782
781	0.483	ENST00000361624	1542	2145.78356316971	783
782	0.571	ENST00000361624	1542	2145.78356316971	784
783	0.714	ENST00000361624	1542	2145.78356316971	785
784	0.236	ENST00000361624	1542	2145.78356316971	786
785	0.576	ENST00000361624	1542	2145.78356316971	787
786	0.267	ENST00000361624	1542	2145.78356316971	788
787	0.048	ENST00000361624	1542	2145.78356316971	789
788	0.032	ENST00000361624	1542	2145.78356316971	790
789	0.019	ENST00000361624	1542	2145.78356316971	791
790	0.222	ENST00000361624	1542	2145.78356316971	792
791	0.0	ENST00000361624	1542	2145.78356316971	793
792	0.112	ENST00000361624	1542	2145.78356316971	794
793	0.046	ENST00000361624	1542	2145.78356316971	795
794	0.209	ENST00000361624	1542	2145.78356316971	796
795	0.188	ENST00000361624	1542	2145.78356316971	797
796	0.049	ENST00000361624	1542	2145.78356316971	798
797	0.005	ENST00000361624	1542	2145.78356316971	799
798	0.125	ENST00000361624	1542	2145.78356316971	800
799	0.135	ENST00000361624	1542	2145.78356316971	801
800	0.101	ENST00000361624	1542	2145.78356316971	802
801	0.031	ENST00000361624	1542	2145.78356316971	803
802	0.219	ENST00000361624	1542	2145.78356316971	804
803	0.205	ENST00000361624	1542	2145.78356316971	805
804	0.386	ENST00000361624	1542	2145.78356316971	806
805	0.185	ENST00000361624	1542	2145.78356316971	807
806	0.058	ENST00000361624	1542	2145.78356316971	808
807	0.093	ENST00000361624	1542	2145.78356316971	809
808	0.3	ENST00000361624	1542	2145.78356316971	810
809	0.255	ENST00000361624	1542	2145.78356316971	811
810	0.354	ENST00000361624	1542	2145.78356316971	812
811	0.082	ENST00000361624	1542	2145.78356316971	813
812	0.044	ENST00000361624	1542	2145.78356316971	814
813	0.194	ENST00000361624	1542	2145.78356316971	815
814	0.112	ENST00000361624	1542	2145.78356316971	816
815	0.0	ENST00000361624	1542	2145.78356316971	817
816	0.016	ENST00000361624	1542	2145.78356316971	818
817	0.088	ENST00000361624	1542	2145.78356316971	819
818	0.234	ENST00000361624	1542	2145.78356316971	820
819	0.12	ENST00000361624	1542	2145.78356316971	821
820	0.038	ENST00000361624	1542	2145.78356316971	822
821	0.028	ENST00000361624	1542	2145.78356316971	823
822	0.074	ENST00000361624	1542	2145.78356316971	824
823	0.006	ENST00000361624	1542	2145.78356316971	825
824	0.029	ENST00000361624	1542	2145.78356316971	826
825	0.048	ENST00000361624	1542	2145.78356316971	827
826	0.094	ENST00000361624	1542	2145.78356316971	828
827	0.085	ENST00000361624	1542	2145.78356316971	829
828	0.039	ENST00000361624	1542	2145.78356316971	830
829	0.013	ENST00000361624	1542	2145.78356316971	831
830	0.014	ENST00000361624	1542	2145.78356316971	832
831	0.047	ENST00000361624	1542	2145.78356316971	833
832	0.03	ENST00000361624	1542	2145.78356316971	834
833	0.142	ENST00000361624	1542	2145.78356316971	835
834	0.821	ENST00000361624	1542	2145.78356316971	836
835	0.367	ENST00000361624	1542	2145.78356316971	837
836	0.604	ENST00000361624	1542	2145.78356316971	838
837	0.104	ENST00000361624	1542	2145.78356316971	839
838	0.155	ENST00000361624	1542	2145.78356316971	840
839	0.496	ENST00000361624	1542	2145.78356316971	841
840	0.165	ENST00000361624	1542	2145.78356316971	842
841	0.186	ENST00000361624	1542	2145.78356316971	843
842	0.03	ENST00000361624	1542	2145.78356316971	844
843	0.083	ENST00000361624	1542	2145.78356316971	845
844	0.066	ENST00000361624	1542	2145.78356316971	846
845	0.358	ENST00000361624	1542	2145.78356316971	847
846	0.265	ENST00000361624	1542	2145.78356316971	848
847	0.077	ENST00000361624	1542	2145.78356316971	849
848	0.093	ENST00000361624	1542	2145.78356316971	850
849	0.211	ENST00000361624	1542	2145.78356316971	851
850	0.293	ENST00000361624	1542	2145.78356316971	852
851	0.056	ENST00000361624	1542	2145.78356316971	853
852	0.046	ENST00000361624	1542	2145.78356316971	854
853	0.086	ENST00000361624	1542	2145.78356316971	855
854	0.087	ENST00000361624	1542	2145.78356316971	856
855	0.103	ENST00000361624	1542	2145.78356316971	857
856	0.422	ENST00000361624	1542	2145.78356316971	858
857	1.0	ENST00000361624	1542	2145.78356316971	859
858	1.0	ENST00000361624	1542	2145.78356316971	860
859	0.121	ENST00000361624	1542	2145.78356316971	861
860	0.127	ENST00000361624	1542	2145.78356316971	862
861	0.053	ENST00000361624	1542	2145.78356316971	863
862	0.019	ENST00000361624	1542	2145.78356316971	864
863	0.013	ENST00000361624	1542	2145.78356316971	865
864	0.023	ENST00000361624	1542	2145.78356316971	866
865	0.075	ENST00000361624	1542	2145.78356316971	867
866	0.599	ENST00000361624	1542	2145.78356316971	868
867	0.147	ENST00000361624	1542	2145.78356316971	869
868	0.358	ENST00000361624	1542	2145.78356316971	870
869	0.088	ENST00000361624	1542	2145.78356316971	871
870	0.103	ENST00000361624	1542	2145.78356316971	872
871	0.158	ENST00000361624	1542	2145.78356316971	873
872	0.066	ENST00000361624	1542	2145.78356316971	874
873	0.193	ENST00000361624	1542	2145.78356316971	875
874	0.467	ENST00000361624	1542	2145.78356316971	876
875	0.105	ENST00000361624	1542	2145.78356316971	877
876	0.651	ENST00000361624	1542	2145.78356316971	878
877	0.754	ENST00000361624	1542	2145.78356316971	879
878	0.823	ENST00000361624	1542	2145.78356316971	880
879	0.824	ENST00000361624	1542	2145.78356316971	881
880	0.795	ENST00000361624	1542	2145.78356316971	882
881	1.0	ENST00000361624	1542	2145.78356316971	883
882	0.432	ENST00000361624	1542	2145.78356316971	884
883	0.389	ENST00000361624	1542	2145.78356316971	885
884	0.457	ENST00000361624	1542	2145.78356316971	886
885	0.511	ENST00000361624	1542	2145.78356316971	887
886	0.437	ENST00000361624	1542	2145.78356316971	888
887	0.113	ENST00000361624	1542	2145.78356316971	889
888	0.071	ENST00000361624	1542	2145.78356316971	890
889	0.127	ENST00000361624	1542	2145.78356316971	891
890	0.442	ENST00000361624	1542	2145.78356316971	892
891	0.163	ENST00000361624	1542	2145.78356316971	893
892	0.261	ENST00000361624	1542	2145.78356316971	894
893	0.1	ENST00000361624	1542	2145.78356316971	895
894	0.437	ENST00000361624	1542	2145.78356316971	896
895	0.221	ENST00000361624	1542	2145.78356316971	897
896	0.166	ENST00000361624	1542	2145.78356316971	898
897	0.0	ENST00000361624	1542	2145.78356316971	899
898	0.157	ENST00000361624	1542	2145.78356316971	900
899	0.134	ENST00000361624	1542	2145.78356316971	901
900	0.249	ENST00000361624	1542	2145.78356316971	902
901	0.11	ENST00000361624	1542	2145.78356316971	903
902	0.097	ENST00000361624	1542	2145.78356316971	904
903	0.083	ENST00000361624	1542	2145.78356316971	905
904	0.0	ENST00000361624	1542	2145.78356316971	906
905	0.016	ENST00000361624	1542	2145.78356316971	907
906	0.022	ENST00000361624	1542	2145.78356316971	908
907	0.03	ENST00000361624	1542	2145.78356316971	909
908	0.039	ENST00000361624	1542	2145.78356316971	910
909	0.022	ENST00000361624	1542	2145.78356316971	911
910	0.055	ENST00000361624	1542	2145.78356316971	912
911	0.241	ENST00000361624	1542	2145.78356316971	913
912	0.118	ENST00000361624	1542	2145.78356316971	914
913	0.391	ENST00000361624	1542	2145.78356316971	915
914	0.33	ENST00000361624	1542	2145.78356316971	916
915	0.499	ENST00000361624	1542	2145.78356316971	917
916	0.097	ENST00000361624	1542	2145.78356316971	918
917	0.175	ENST00000361624	1542	2145.78356316971	919
918	0.027	ENST00000361624	1542	2145.78356316971	920
919	0.024	ENST00000361624	1542	2145.78356316971	921
920	0.117	ENST00000361624	1542	2145.78356316971	922
921	0.092	ENST00000361624	1542	2145.78356316971	923
922	0.028	ENST00000361624	1542	2145.78356316971	924
923	0.0	ENST00000361624	1542	2145.78356316971	925
924	0.0	ENST00000361624	1542	2145.78356316971	926
925	0.185	ENST00000361624	1542	2145.78356316971	927
926	0.232	ENST00000361624	1542	2145.78356316971	928
927	0.253	ENST00000361624	1542	2145.78356316971	929
928	0.072	ENST00000361624	1542	2145.78356316971	930
929	0.112	ENST00000361624	1542	2145.78356316971	931
930	0.349	ENST00000361624	1542	2145.78356316971	932
931	0.59	ENST00000361624	1542	2145.78356316971	933
932	0.814	ENST00000361624	1542	2145.78356316971	934
933	0.868	ENST00000361624	1542	2145.78356316971	935
934	0.134	ENST00000361624	1542	2145.78356316971	936
935	0.159	ENST00000361624	1542	2145.78356316971	937
936	0.676	ENST00000361624	1542	2145.78356316971	938
937	0.058	ENST00000361624	1542	2145.78356316971	939
938	0.131	ENST00000361624	1542	2145.78356316971	940
939	0.0	ENST00000361624	1542	2145.78356316971	941
940	0.093	ENST00000361624	1542	2145.78356316971	942
941	0.221	ENST00000361624	1542	2145.78356316971	943
942	1.0	ENST00000361624	1542	2145.78356316971	944
943	0.08	ENST00000361624	1542	2145.78356316971	945
944	0.032	ENST00000361624	1542	2145.78356316971	946
945	0.0	ENST00000361624	1542	2145.78356316971	947
946	0.094	ENST00000361624	1542	2145.78356316971	948
947	0.445	ENST00000361624	1542	2145.78356316971	949
948	0.117	ENST00000361624	1542	2145.78356316971	950
949	0.086	ENST00000361624	1542	2145.78356316971	951
950	0.092	ENST00000361624	1542	2145.78356316971	952
951	0.0	ENST00000361624	1542	2145.78356316971	953
952	0.012	ENST00000361624	1542	2145.78356316971	954
953	0.039	ENST00000361624	1542	2145.78356316971	955
954	0.102	ENST00000361624	1542	2145.78356316971	956
955	0.0	ENST00000361624	1542	2145.78356316971	957
956	0.159	ENST00000361624	1542	2145.78356316971	958
957	0.129	ENST00000361624	1542	2145.78356316971	959
958	0.114	ENST00000361624	1542	2145.78356316971	960
959	0.122	ENST00000361624	1542	2145.78356316971	961
960	0.101	ENST00000361624	1542	2145.78356316971	962
961	0.352	ENST00000361624	1542	2145.78356316971	963
962	0.587	ENST00000361624	1542	2145.78356316971	964
963	0.872	ENST00000361624	1542	2145.78356316971	965
964	1.0	ENST00000361624	1542	2145.78356316971	966
965	0.786	ENST00000361624	1542	2145.78356316971	967
966	0.672	ENST00000361624	1542	2145.78356316971	968
967	0.09	ENST00000361624	1542	2145.78356316971	969
968	0.104	ENST00000361624	1542	2145.78356316971	970
969	0.0	ENST00000361624	1542	2145.78356316971	971
970	0.272	ENST00000361624	1542	2145.78356316971	972
971	0.094	ENST00000361624	1542	2145.78356316971	973
972	0.122	ENST00000361624	1542	2145.78356316971	974
973	0.064	ENST00000361624	1542	2145.78356316971	975
974	0.0	ENST00000361624	1542	2145.78356316971	976
975	0.0	ENST00000361624	1542	2145.78356316971	977
976	0.012	ENST00000361624	1542	2145.78356316971	978
977	0.07	ENST00000361624	1542	2145.78356316971	979
978	0.0	ENST00000361624	1542	2145.78356316971	980
979	0.251	ENST00000361624	1542	2145.78356316971	981
980	0.304	ENST00000361624	1542	2145.78356316971	982
981	0.835	ENST00000361624	1542	2145.78356316971	983
982	0.154	ENST00000361624	1542	2145.78356316971	984
983	0.174	ENST00000361624	1542	2145.78356316971	985
984	0.696	ENST00000361624	1542	2145.78356316971	986
985	0.084	ENST00000361624	1542	2145.78356316971	987
986	0.024	ENST00000361624	1542	2145.78356316971	988
987	0.009	ENST00000361624	1542	2145.78356316971	989
988	0.019	ENST00000361624	1542	2145.78356316971	990
989	0.0	ENST00000361624	1542	2145.78356316971	991
990	0.0	ENST00000361624	1542	2145.78356316971	992
991	0.0	ENST00000361624	1542	2145.78356316971	993
992	0.06	ENST00000361624	1542	2145.78356316971	994
993	0.204	ENST00000361624	1542	2145.78356316971	995
994	0.553	ENST00000361624	1542	2145.78356316971	996
995	0.496	ENST00000361624	1542	2145.78356316971	997
996	0.451	ENST00000361624	1542	2145.78356316971	998
997	0.101	ENST00000361624	1542	2145.78356316971	999
998	0.285	ENST00000361624	1542	2145.78356316971	1000
999	0.66	ENST00000361624	1542	2145.78356316971	1001
1000	0.908	ENST00000361624	1542	2145.78356316971	1002
1001	0.22	ENST00000361624	1542	2145.78356316971	1003
1002	0.09	ENST00000361624	1542	2145.78356316971	1004
1003	0.574	ENST00000361624	1542	2145.78356316971	1005
1004	0.46	ENST00000361624	1542	2145.78356316971	1006
1005	0.139	ENST00000361624	1542	2145.78356316971	1007
1006	0.124	ENST00000361624	1542	2145.78356316971	1008
1007	0.057	ENST00000361624	1542	2145.78356316971	1009
1008	0.007	ENST00000361624	1542	2145.78356316971	1010
1009	0.0	ENST00000361624	1542	2145.78356316971	1011
1010	0.047	ENST00000361624	1542	2145.78356316971	1012
1011	0.073	ENST00000361624	1542	2145.78356316971	1013
1012	0.0	ENST00000361624	1542	2145.78356316971	1014
1013	0.084	ENST00000361624	1542	2145.78356316971	1015
1014	0.0	ENST00000361624	1542	2145.78356316971	1016
1015	0.036	ENST00000361624	1542	2145.78356316971	1017
1016	0.0	ENST00000361624	1542	2145.78356316971	1018
1017	0.035	ENST00000361624	1542	2145.78356316971	1019
1018	0.0	ENST00000361624	1542	2145.78356316971	1020
1019	0.148	ENST00000361624	1542	2145.78356316971	1021
1020	0.073	ENST00000361624	1542	2145.78356316971	1022
1021	0.451	ENST00000361624	1542	2145.78356316971	1023
1022	0.319	ENST00000361624	1542	2145.78356316971	1024
1023	0.134	ENST00000361624	1542	2145.78356316971	1025
1024	0.087	ENST00000361624	1542	2145.78356316971	1026
1025	0.0	ENST00000361624	1542	2145.78356316971	1027
1026	0.259	ENST00000361624	1542	2145.78356316971	1028
1027	0.425	ENST00000361624	1542	2145.78356316971	1029
1028	0.011	ENST00000361624	1542	2145.78356316971	1030
1029	0.0	ENST00000361624	1542	2145.78356316971	1031
1030	0.081	ENST00000361624	1542	2145.78356316971	1032
1031	0.478	ENST00000361624	1542	2145.78356316971	1033
1032	0.844	ENST00000361624	1542	2145.78356316971	1034
1033	0.32	ENST00000361624	1542	2145.78356316971	1035
1034	0.134	ENST00000361624	1542	2145.78356316971	1036
1035	0.239	ENST00000361624	1542	2145.78356316971	1037
1036	0.076	ENST00000361624	1542	2145.78356316971	1038
1037	0.106	ENST00000361624	1542	2145.78356316971	1039
1038	0.5	ENST00000361624	1542	2145.78356316971	1040
1039	0.466	ENST00000361624	1542	2145.78356316971	1041
1040	0.1	ENST00000361624	1542	2145.78356316971	1042
1041	0.163	ENST00000361624	1542	2145.78356316971	1043
1042	0.157	ENST00000361624	1542	2145.78356316971	1044
1043	0.286	ENST00000361624	1542	2145.78356316971	1045
1044	0.73	ENST00000361624	1542	2145.78356316971	1046
1045	0.162	ENST00000361624	1542	2145.78356316971	1047
1046	0.349	ENST00000361624	1542	2145.78356316971	1048
1047	0.235	ENST00000361624	1542	2145.78356316971	1049
1048	0.013	ENST00000361624	1542	2145.78356316971	1050
1049	0.124	ENST00000361624	1542	2145.78356316971	1051
1050	1.0	ENST00000361624	1542	2145.78356316971	1052
1051	0.804	ENST00000361624	1542	2145.78356316971	1053
1052	0.057	ENST00000361624	1542	2145.78356316971	1054
1053	0.051	ENST00000361624	1542	2145.78356316971	1055
1054	0.028	ENST00000361624	1542	2145.78356316971	1056
1055	0.028	ENST00000361624	1542	2145.78356316971	1057
1056	0.045	ENST00000361624	1542	2145.78356316971	1058
1057	0.023	ENST00000361624	1542	2145.78356316971	1059
1058	0.0	ENST00000361624	1542	2145.78356316971	1060
1059	0.007	ENST00000361624	1542	2145.78356316971	1061
1060	0.029	ENST00000361624	1542	2145.78356316971	1062
1061	0.074	ENST00000361624	1542	2145.78356316971	1063
1062	0.0	ENST00000361624	1542	2145.78356316971	1064
1063	0.059	ENST00000361624	1542	2145.78356316971	1065
1064	0.016	ENST00000361624	1542	2145.78356316971	1066
1065	0.03	ENST00000361624	1542	2145.78356316971	1067
1066	0.0	ENST00000361624	1542	2145.78356316971	1068
1067	0.0	ENST00000361624	1542	2145.78356316971	1069
1068	0.0	ENST00000361624	1542	2145.78356316971	1070
1069	0.004	ENST00000361624	1542	2145.78356316971	1071
1070	0.015	ENST00000361624	1542	2145.78356316971	1072
1071	0.032	ENST00000361624	1542	2145.78356316971	1073
1072	0.051	ENST00000361624	1542	2145.78356316971	1074
1073	0.359	ENST00000361624	1542	2145.78356316971	1075
1074	0.584	ENST00000361624	1542	2145.78356316971	1076
1075	0.443	ENST00000361624	1542	2145.78356316971	1077
1076	0.193	ENST00000361624	1542	2145.78356316971	1078
1077	0.0	ENST00000361624	1542	2145.78356316971	1079
1078	0.092	ENST00000361624	1542	2145.78356316971	1080
1079	0.147	ENST00000361624	1542	2145.78356316971	1081
1080	0.571	ENST00000361624	1542	2145.78356316971	1082
1081	0.178	ENST00000361624	1542	2145.78356316971	1083
1082	0.579	ENST00000361624	1542	2145.78356316971	1084
1083	0.156	ENST00000361624	1542	2145.78356316971	1085
1084	0.169	ENST00000361624	1542	2145.78356316971	1086
1085	0.41	ENST00000361624	1542	2145.78356316971	1087
1086	0.27	ENST00000361624	1542	2145.78356316971	1088
1087	0.535	ENST00000361624	1542	2145.78356316971	1089
1088	0.507	ENST00000361624	1542	2145.78356316971	1090
1089	0.475	ENST00000361624	1542	2145.78356316971	1091
1090	0.752	ENST00000361624	1542	2145.78356316971	1092
1091	0.335	ENST00000361624	1542	2145.78356316971	1093
1092	1.0	ENST00000361624	1542	2145.78356316971	1094
1093	0.059	ENST00000361624	1542	2145.78356316971	1095
1094	0.107	ENST00000361624	1542	2145.78356316971	1096
1095	0.198	ENST00000361624	1542	2145.78356316971	1097
1096	0.007	ENST00000361624	1542	2145.78356316971	1098
1097	0.035	ENST00000361624	1542	2145.78356316971	1099
1098	0.046	ENST00000361624	1542	2145.78356316971	1100
1099	0.0	ENST00000361624	1542	2145.78356316971	1101
1100	0.06	ENST00000361624	1542	2145.78356316971	1102
1101	0.008	ENST00000361624	1542	2145.78356316971	1103
1102	0.203	ENST00000361624	1542	2145.78356316971	1104
1103	0.056	ENST00000361624	1542	2145.78356316971	1105
1104	0.0	ENST00000361624	1542	2145.78356316971	1106
1105	0.041	ENST00000361624	1542	2145.78356316971	1107
1106	0.064	ENST00000361624	1542	2145.78356316971	1108
1107	1.0	ENST00000361624	1542	2145.78356316971	1109
1108	0.372	ENST00000361624	1542	2145.78356316971	1110
1109	0.453	ENST00000361624	1542	2145.78356316971	1111
1110	0.105	ENST00000361624	1542	2145.78356316971	1112
1111	0.305	ENST00000361624	1542	2145.78356316971	1113
1112	0.075	ENST00000361624	1542	2145.78356316971	1114
1113	0.023	ENST00000361624	1542	2145.78356316971	1115
1114	0.079	ENST00000361624	1542	2145.78356316971	1116
1115	0.042	ENST00000361624	1542	2145.78356316971	1117
1116	0.057	ENST00000361624	1542	2145.78356316971	1118
1117	0.0	ENST00000361624	1542	2145.78356316971	1119
1118	0.023	ENST00000361624	1542	2145.78356316971	1120
1119	0.0	ENST00000361624	1542	2145.78356316971	1121
1120	0.0	ENST00000361624	1542	2145.78356316971	1122
1121	0.0	ENST00000361624	1542	2145.78356316971	1123
1122	0.069	ENST00000361624	1542	2145.78356316971	1124
1123	0.051	ENST00000361624	1542	2145.78356316971	1125
1124	0.119	ENST00000361624	1542	2145.78356316971	1126
1125	0.047	ENST00000361624	1542	2145.78356316971	1127
1126	0.245	ENST00000361624	1542	2145.78356316971	1128
1127	0.093	ENST00000361624	1542	2145.78356316971	1129
1128	0.108	ENST00000361624	1542	2145.78356316971	1130
1129	0.055	ENST00000361624	1542	2145.78356316971	1131
1130	0.271	ENST00000361624	1542	2145.78356316971	1132
1131	0.232	ENST00000361624	1542	2145.78356316971	1133
1132	0.211	ENST00000361624	1542	2145.78356316971	1134
1133	0.046	ENST00000361624	1542	2145.78356316971	1135
1134	0.211	ENST00000361624	1542	2145.78356316971	1136
1135	0.202	ENST00000361624	1542	2145.78356316971	1137
1136	0.196	ENST00000361624	1542	2145.78356316971	1138
1137	0.983	ENST00000361624	1542	2145.78356316971	1139
1138	0.5	ENST00000361624	1542	2145.78356316971	1140
1139	0.474	ENST00000361624	1542	2145.78356316971	1141
1140	1.0	ENST00000361624	1542	2145.78356316971	1142
1141	0.248	ENST00000361624	1542	2145.78356316971	1143
1142	0.161	ENST00000361624	1542	2145.78356316971	1144
1143	0.548	ENST00000361624	1542	2145.78356316971	1145
1144	1.0	ENST00000361624	1542	2145.78356316971	1146
1145	1.0	ENST00000361624	1542	2145.78356316971	1147
1146	0.365	ENST00000361624	1542	2145.78356316971	1148
1147	0.576	ENST00000361624	1542	2145.78356316971	1149
1148	1.0	ENST00000361624	1542	2145.78356316971	1150
1149	1.0	ENST00000361624	1542	2145.78356316971	1151
1150	0.334	ENST00000361624	1542	2145.78356316971	1152
1151	0.01	ENST00000361624	1542	2145.78356316971	1153
1152	0.022	ENST00000361624	1542	2145.78356316971	1154
1153	0.048	ENST00000361624	1542	2145.78356316971	1155
1154	0.399	ENST00000361624	1542	2145.78356316971	1156
1155	0.074	ENST00000361624	1542	2145.78356316971	1157
1156	0.754	ENST00000361624	1542	2145.78356316971	1158
1157	0.049	ENST00000361624	1542	2145.78356316971	1159
1158	0.078	ENST00000361624	1542	2145.78356316971	1160
1159	0.235	ENST00000361624	1542	2145.78356316971	1161
1160	0.522	ENST00000361624	1542	2145.78356316971	1162
1161	1.0	ENST00000361624	1542	2145.78356316971	1163
1162	0.744	ENST00000361624	1542	2145.78356316971	1164
1163	0.438	ENST00000361624	1542	2145.78356316971	1165
1164	0.0	ENST00000361624	1542	2145.78356316971	1166
1165	0.018	ENST00000361624	1542	2145.78356316971	1167
1166	0.0	ENST00000361624	1542	2145.78356316971	1168
1167	0.669	ENST00000361624	1542	2145.78356316971	1169
1168	0.0	ENST00000361624	1542	2145.78356316971	1170
1169	0.712	ENST00000361624	1542	2145.78356316971	1171
1170	0.024	ENST00000361624	1542	2145.78356316971	1172
1171	0.0	ENST00000361624	1542	2145.78356316971	1173
1172	0.007	ENST00000361624	1542	2145.78356316971	1174
1173	0.0	ENST00000361624	1542	2145.78356316971	1175
1174	0.044	ENST00000361624	1542	2145.78356316971	1176
1175	0.162	ENST00000361624	1542	2145.78356316971	1177
1176	0.002	ENST00000361624	1542	2145.78356316971	1178
1177	0.0	ENST00000361624	1542	2145.78356316971	1179
1178	0.065	ENST00000361624	1542	2145.78356316971	1180
1179	0.059	ENST00000361624	1542	2145.78356316971	1181
1180	0.0	ENST00000361624	1542	2145.78356316971	1182
1181	0.071	ENST00000361624	1542	2145.78356316971	1183
1182	0.173	ENST00000361624	1542	2145.78356316971	1184
1183	0.575	ENST00000361624	1542	2145.78356316971	1185
1184	0.53	ENST00000361624	1542	2145.78356316971	1186
1185	1.0	ENST00000361624	1542	2145.78356316971	1187
1186	0.298	ENST00000361624	1542	2145.78356316971	1188
1187	0.66	ENST00000361624	1542	2145.78356316971	1189
1188	0.065	ENST00000361624	1542	2145.78356316971	1190
1189	0.197	ENST00000361624	1542	2145.78356316971	1191
1190	0.2	ENST00000361624	1542	2145.78356316971	1192
1191	0.223	ENST00000361624	1542	2145.78356316971	1193
1192	0.531	ENST00000361624	1542	2145.78356316971	1194
1193	0.122	ENST00000361624	1542	2145.78356316971	1195
1194	0.0	ENST00000361624	1542	2145.78356316971	1196
1195	0.0	ENST00000361624	1542	2145.78356316971	1197
1196	0.0	ENST00000361624	1542	2145.78356316971	1198
1197	0.0	ENST00000361624	1542	2145.78356316971	1199
1198	0.031	ENST00000361624	1542	2145.78356316971	1200
1199	0.048	ENST00000361624	1542	2145.78356316971	1201
1200	0.383	ENST00000361624	1542	2145.78356316971	1202
1201	0.447	ENST00000361624	1542	2145.78356316971	1203
1202	0.953	ENST00000361624	1542	2145.78356316971	1204
1203	0.279	ENST00000361624	1542	2145.78356316971	1205
1204	0.663	ENST00000361624	1542	2145.78356316971	1206
1205	0.203	ENST00000361624	1542	2145.78356316971	1207
1206	0.015	ENST00000361624	1542	2145.78356316971	1208
1207	0.006	ENST00000361624	1542	2145.78356316971	1209
1208	0.0	ENST00000361624	1542	2145.78356316971	1210
1209	0.0	ENST00000361624	1542	2145.78356316971	1211
1210	0.011	ENST00000361624	1542	2145.78356316971	1212
1211	0.109	ENST00000361624	1542	2145.78356316971	1213
1212	0.032	ENST00000361624	1542	2145.78356316971	1214
1213	0.0	ENST00000361624	1542	2145.78356316971	1215
1214	0.0	ENST00000361624	1542	2145.78356316971	1216
1215	0.0	ENST00000361624	1542	2145.78356316971	1217
1216	0.129	ENST00000361624	1542	2145.78356316971	1218
1217	0.106	ENST00000361624	1542	2145.78356316971	1219
1218	0.746	ENST00000361624	1542	2145.78356316971	1220
1219	0.604	ENST00000361624	1542	2145.78356316971	1221
1220	0.0	ENST00000361624	1542	2145.78356316971	1222
1221	0.312	ENST00000361624	1542	2145.78356316971	1223
1222	1.0	ENST00000361624	1542	2145.78356316971	1224
1223	1.0	ENST00000361624	1542	2145.78356316971	1225
1224	0.244	ENST00000361624	1542	2145.78356316971	1226
1225	0.109	ENST00000361624	1542	2145.78356316971	1227
1226	0.519	ENST00000361624	1542	2145.78356316971	1228
1227	0.234	ENST00000361624	1542	2145.78356316971	1229
1228	0.034	ENST00000361624	1542	2145.78356316971	1230
1229	0.0	ENST00000361624	1542	2145.78356316971	1231
1230	0.0	ENST00000361624	1542	2145.78356316971	1232
1231	0.0	ENST00000361624	1542	2145.78356316971	1233
1232	0.042	ENST00000361624	1542	2145.78356316971	1234
1233	0.145	ENST00000361624	1542	2145.78356316971	1235
1234	0.38	ENST00000361624	1542	2145.78356316971	1236
1235	0.877	ENST00000361624	1542	2145.78356316971	1237
1236	0.987	ENST00000361624	1542	2145.78356316971	1238
1237	0.422	ENST00000361624	1542	2145.78356316971	1239
1238	0.107	ENST00000361624	1542	2145.78356316971	1240
1239	0.471	ENST00000361624	1542	2145.78356316971	1241
1240	0.662	ENST00000361624	1542	2145.78356316971	1242
1241	0.5	ENST00000361624	1542	2145.78356316971	1243
1242	0.556	ENST00000361624	1542	2145.78356316971	1244
1243	0.142	ENST00000361624	1542	2145.78356316971	1245
1244	0.176	ENST00000361624	1542	2145.78356316971	1246
1245	0.003	ENST00000361624	1542	2145.78356316971	1247
1246	0.105	ENST00000361624	1542	2145.78356316971	1248
1247	0.24	ENST00000361624	1542	2145.78356316971	1249
1248	0.53	ENST00000361624	1542	2145.78356316971	1250
1249	0.101	ENST00000361624	1542	2145.78356316971	1251
1250	0.205	ENST00000361624	1542	2145.78356316971	1252
1251	0.259	ENST00000361624	1542	2145.78356316971	1253
1252	0.298	ENST00000361624	1542	2145.78356316971	1254
1253	0.344	ENST00000361624	1542	2145.78356316971	1255
1254	0.44	ENST00000361624	1542	2145.78356316971	1256
1255	0.098	ENST00000361624	1542	2145.78356316971	1257
1256	0.251	ENST00000361624	1542	2145.78356316971	1258
1257	0.283	ENST00000361624	1542	2145.78356316971	1259
1258	0.044	ENST00000361624	1542	2145.78356316971	1260
1259	0.034	ENST00000361624	1542	2145.78356316971	1261
1260	0.0	ENST00000361624	1542	2145.78356316971	1262
1261	0.002	ENST00000361624	1542	2145.78356316971	1263
1262	0.0	ENST00000361624	1542	2145.78356316971	1264
1263	0.0	ENST00000361624	1542	2145.78356316971	1265
1264	0.0	ENST00000361624	1542	2145.78356316971	1266
1265	0.157	ENST00000361624	1542	2145.78356316971	1267
1266	0.257	ENST00000361624	1542	2145.78356316971	1268
1267	0.434	ENST00000361624	1542	2145.78356316971	1269
1268	0.0	ENST00000361624	1542	2145.78356316971	1270
1269	0.195	ENST00000361624	1542	2145.78356316971	1271
1270	0.275	ENST00000361624	1542	2145.78356316971	1272
1271	0.177	ENST00000361624	1542	2145.78356316971	1273
1272	0.0	ENST00000361624	1542	2145.78356316971	1274
1273	0.012	ENST00000361624	1542	2145.78356316971	1275
1274	0.162	ENST00000361624	1542	2145.78356316971	1276
1275	0.104	ENST00000361624	1542	2145.78356316971	1277
1276	0.0	ENST00000361624	1542	2145.78356316971	1278
1277	0.045	ENST00000361624	1542	2145.78356316971	1279
1278	0.152	ENST00000361624	1542	2145.78356316971	1280
1279	0.077	ENST00000361624	1542	2145.78356316971	1281
1280	0.123	ENST00000361624	1542	2145.78356316971	1282
1281	0.055	ENST00000361624	1542	2145.78356316971	1283
1282	0.11	ENST00000361624	1542	2145.78356316971	1284
1283	0.092	ENST00000361624	1542	2145.78356316971	1285
1284	0.25	ENST00000361624	1542	2145.78356316971	1286
1285	0.808	ENST00000361624	1542	2145.78356316971	1287
1286	0.284	ENST00000361624	1542	2145.78356316971	1288
1287	0.348	ENST00000361624	1542	2145.78356316971	1289
1288	0.204	ENST00000361624	1542	2145.78356316971	1290
1289	0.538	ENST00000361624	1542	2145.78356316971	1291
1290	1.0	ENST00000361624	1542	2145.78356316971	1292
1291	0.849	ENST00000361624	1542	2145.78356316971	1293
1292	0.221	ENST00000361624	1542	2145.78356316971	1294
1293	0.185	ENST00000361624	1542	2145.78356316971	1295
1294	0.053	ENST00000361624	1542	2145.78356316971	1296
1295	0.029	ENST00000361624	1542	2145.78356316971	1297
1296	0.072	ENST00000361624	1542	2145.78356316971	1298
1297	0.0	ENST00000361624	1542	2145.78356316971	1299
1298	0.0	ENST00000361624	1542	2145.78356316971	1300
1299	0.08	ENST00000361624	1542	2145.78356316971	1301
1300	0.709	ENST00000361624	1542	2145.78356316971	1302
1301	0.346	ENST00000361624	1542	2145.78356316971	1303
1302	0.131	ENST00000361624	1542	2145.78356316971	1304
1303	0.0	ENST00000361624	1542	2145.78356316971	1305
1304	0.0	ENST00000361624	1542	2145.78356316971	1306
1305	0.0	ENST00000361624	1542	2145.78356316971	1307
1306	0.0	ENST00000361624	1542	2145.78356316971	1308
1307	0.0	ENST00000361624	1542	2145.78356316971	1309
1308	0.034	ENST00000361624	1542	2145.78356316971	1310
1309	0.039	ENST00000361624	1542	2145.78356316971	1311
1310	0.031	ENST00000361624	1542	2145.78356316971	1312
1311	0.016	ENST00000361624	1542	2145.78356316971	1313
1312	0.0	ENST00000361624	1542	2145.78356316971	1314
1313	0.021	ENST00000361624	1542	2145.78356316971	1315
1314	0.052	ENST00000361624	1542	2145.78356316971	1316
1315	0.249	ENST00000361624	1542	2145.78356316971	1317
1316	0.149	ENST00000361624	1542	2145.78356316971	1318
1317	0.09	ENST00000361624	1542	2145.78356316971	1319
1318	0.278	ENST00000361624	1542	2145.78356316971	1320
1319	0.319	ENST00000361624	1542	2145.78356316971	1321
1320	0.527	ENST00000361624	1542	2145.78356316971	1322
1321	0.164	ENST00000361624	1542	2145.78356316971	1323
1322	0.352	ENST00000361624	1542	2145.78356316971	1324
1323	0.015	ENST00000361624	1542	2145.78356316971	1325
1324	0.014	ENST00000361624	1542	2145.78356316971	1326
1325	0.0	ENST00000361624	1542	2145.78356316971	1327
1326	0.0	ENST00000361624	1542	2145.78356316971	1328
1327	0.004	ENST00000361624	1542	2145.78356316971	1329
1328	0.062	ENST00000361624	1542	2145.78356316971	1330
1329	0.164	ENST00000361624	1542	2145.78356316971	1331
1330	0.044	ENST00000361624	1542	2145.78356316971	1332
1331	0.005	ENST00000361624	1542	2145.78356316971	1333
1332	0.0	ENST00000361624	1542	2145.78356316971	1334
1333	0.0	ENST00000361624	1542	2145.78356316971	1335
1334	0.0	ENST00000361624	1542	2145.78356316971	1336
1335	0.021	ENST00000361624	1542	2145.78356316971	1337
1336	0.075	ENST00000361624	1542	2145.78356316971	1338
1337	0.164	ENST00000361624	1542	2145.78356316971	1339
1338	0.024	ENST00000361624	1542	2145.78356316971	1340
1339	0.433	ENST00000361624	1542	2145.78356316971	1341
1340	0.379	ENST00000361624	1542	2145.78356316971	1342
1341	0.562	ENST00000361624	1542	2145.78356316971	1343
1342	0.252	ENST00000361624	1542	2145.78356316971	1344
1343	0.201	ENST00000361624	1542	2145.78356316971	1345
1344	0.301	ENST00000361624	1542	2145.78356316971	1346
1345	0.111	ENST00000361624	1542	2145.78356316971	1347
1346	0.37	ENST00000361624	1542	2145.78356316971	1348
1347	0.249	ENST00000361624	1542	2145.78356316971	1349
1348	0.403	ENST00000361624	1542	2145.78356316971	1350
1349	0.274	ENST00000361624	1542	2145.78356316971	1351
1350	0.047	ENST00000361624	1542	2145.78356316971	1352
1351	0.29	ENST00000361624	1542	2145.78356316971	1353
1352	0.316	ENST00000361624	1542	2145.78356316971	1354
1353	0.505	ENST00000361624	1542	2145.78356316971	1355
1354	0.162	ENST00000361624	1542	2145.78356316971	1356
1355	0.224	ENST00000361624	1542	2145.78356316971	1357
1356	0.257	ENST00000361624	1542	2145.78356316971	1358
1357	0.026	ENST00000361624	1542	2145.78356316971	1359
1358	0.0	ENST00000361624	1542	2145.78356316971	1360
1359	0.056	ENST00000361624	1542	2145.78356316971	1361
1360	0.066	ENST00000361624	1542	2145.78356316971	1362
1361	0.141	ENST00000361624	1542	2145.78356316971	1363
1362	0.083	ENST00000361624	1542	2145.78356316971	1364
1363	0.097	ENST00000361624	1542	2145.78356316971	1365
1364	0.494	ENST00000361624	1542	2145.78356316971	1366
1365	0.18	ENST00000361624	1542	2145.78356316971	1367
1366	0.101	ENST00000361624	1542	2145.78356316971	1368
1367	0.3	ENST00000361624	1542	2145.78356316971	1369
1368	0.131	ENST00000361624	1542	2145.78356316971	1370
1369	0.115	ENST00000361624	1542	2145.78356316971	1371
1370	0.0	ENST00000361624	1542	2145.78356316971	1372
1371	0.013	ENST00000361624	1542	2145.78356316971	1373
1372	0.0	ENST00000361624	1542	2145.78356316971	1374
1373	0.0	ENST00000361624	1542	2145.78356316971	1375
1374	0.0	ENST00000361624	1542	2145.78356316971	1376
1375	0.099	ENST00000361624	1542	2145.78356316971	1377
1376	0.194	ENST00000361624	1542	2145.78356316971	1378
1377	0.128	ENST00000361624	1542	2145.78356316971	1379
1378	0.032	ENST00000361624	1542	2145.78356316971	1380
1379	0.0	ENST00000361624	1542	2145.78356316971	1381
1380	0.119	ENST00000361624	1542	2145.78356316971	1382
1381	0.036	ENST00000361624	1542	2145.78356316971	1383
1382	0.25	ENST00000361624	1542	2145.78356316971	1384
1383	0.037	ENST00000361624	1542	2145.78356316971	1385
1384	0.028	ENST00000361624	1542	2145.78356316971	1386
1385	0.0	ENST00000361624	1542	2145.78356316971	1387
1386	0.082	ENST00000361624	1542	2145.78356316971	1388
1387	0.193	ENST00000361624	1542	2145.78356316971	1389
1388	0.209	ENST00000361624	1542	2145.78356316971	1390
1389	0.077	ENST00000361624	1542	2145.78356316971	1391
1390	0.041	ENST00000361624	1542	2145.78356316971	1392
1391	0.236	ENST00000361624	1542	2145.78356316971	1393
1392	0.071	ENST00000361624	1542	2145.78356316971	1394
1393	0.131	ENST00000361624	1542	2145.78356316971	1395
1394	0.244	ENST00000361624	1542	2145.78356316971	1396
1395	0.32	ENST00000361624	1542	2145.78356316971	1397
1396	0.349	ENST00000361624	1542	2145.78356316971	1398
1397	0.574	ENST00000361624	1542	2145.78356316971	1399
1398	0.431	ENST00000361624	1542	2145.78356316971	1400
1399	0.576	ENST00000361624	1542	2145.78356316971	1401
1400	0.665	ENST00000361624	1542	2145.78356316971	1402
1401	0.593	ENST00000361624	1542	2145.78356316971	1403
1402	0.587	ENST00000361624	1542	2145.78356316971	1404
1403	1.0	ENST00000361624	1542	2145.78356316971	1405
1404	1.0	ENST00000361624	1542	2145.78356316971	1406
1405	0.595	ENST00000361624	1542	2145.78356316971	1407
1406	1.0	ENST00000361624	1542	2145.78356316971	1408
1407	0.794	ENST00000361624	1542	2145.78356316971	1409
1408	0.819	ENST00000361624	1542	2145.78356316971	1410
1409	1.0	ENST00000361624	1542	2145.78356316971	1411
1410	1.0	ENST00000361624	1542	2145.78356316971	1412
1411	0.362	ENST00000361624	1542	2145.78356316971	1413
1412	0.771	ENST00000361624	1542	2145.78356316971	1414
1413	0.628	ENST00000361624	1542	2145.78356316971	1415
1414	0.259	ENST00000361624	1542	2145.78356316971	1416
1415	0.448	ENST00000361624	1542	2145.78356316971	1417
1416	0.669	ENST00000361624	1542	2145.78356316971	1418
1417	0.415	ENST00000361624	1542	2145.78356316971	1419
1418	0.267	ENST00000361624	1542	2145.78356316971	1420
1419	0.096	ENST00000361624	1542	2145.78356316971	1421
1420	0.138	ENST00000361624	1542	2145.78356316971	1422
1421	0.067	ENST00000361624	1542	2145.78356316971	1423
1422	0.098	ENST00000361624	1542	2145.78356316971	1424
1423	0.101	ENST00000361624	1542	2145.78356316971	1425
1424	0.052	ENST00000361624	1542	2145.78356316971	1426
1425	0.043	ENST00000361624	1542	2145.78356316971	1427
1426	0.01	ENST00000361624	1542	2145.78356316971	1428
1427	0.057	ENST00000361624	1542	2145.78356316971	1429
1428	0.221	ENST00000361624	1542	2145.78356316971	1430
1429	0.021	ENST00000361624	1542	2145.78356316971	1431
1430	0.023	ENST00000361624	1542	2145.78356316971	1432
1431	0.0	ENST00000361624	1542	2145.78356316971	1433
1432	0.0	ENST00000361624	1542	2145.78356316971	1434
1433	0.001	ENST00000361624	1542	2145.78356316971	1435
1434	0.012	ENST00000361624	1542	2145.78356316971	1436
1435	0.017	ENST00000361624	1542	2145.78356316971	1437
1436	0.104	ENST00000361624	1542	2145.78356316971	1438
1437	0.172	ENST00000361624	1542	2145.78356316971	1439
1438	0.123	ENST00000361624	1542	2145.78356316971	1440
1439	0.026	ENST00000361624	1542	2145.78356316971	1441
1440	0.131	ENST00000361624	1542	2145.78356316971	1442
1441	0.049	ENST00000361624	1542	2145.78356316971	1443
1442	0.222	ENST00000361624	1542	2145.78356316971	1444
1443	0.288	ENST00000361624	1542	2145.78356316971	1445
1444	0.265	ENST00000361624	1542	2145.78356316971	1446
1445	0.324	ENST00000361624	1542	2145.78356316971	1447
1446	0.189	ENST00000361624	1542	2145.78356316971	1448
1447	0.024	ENST00000361624	1542	2145.78356316971	1449
1448	0.0	ENST00000361624	1542	2145.78356316971	1450
1449	0.0	ENST00000361624	1542	2145.78356316971	1451
1450	0.065	ENST00000361624	1542	2145.78356316971	1452
1451	0.893	ENST00000361624	1542	2145.78356316971	1453
1452	0.18	ENST00000361624	1542	2145.78356316971	1454
1453	0.075	ENST00000361624	1542	2145.78356316971	1455
1454	0.116	ENST00000361624	1542	2145.78356316971	1456
1455	0.103	ENST00000361624	1542	2145.78356316971	1457
1456	0.152	ENST00000361624	1542	2145.78356316971	1458
1457	0.176	ENST00000361624	1542	2145.78356316971	1459
1458	1.0	ENST00000361624	1542	2145.78356316971	1460
1459	1.0	ENST00000361624	1542	2145.78356316971	1461
1460	0.318	ENST00000361624	1542	2145.78356316971	1462
1461	1.0	ENST00000361624	1542	2145.78356316971	1463
1462	1.0	ENST00000361624	1542	2145.78356316971	1464
1463	0.286	ENST00000361624	1542	2145.78356316971	1465
1464	0.122	ENST00000361624	1542	2145.78356316971	1466
1465	0.03	ENST00000361624	1542	2145.78356316971	1467
1466	0.013	ENST00000361624	1542	2145.78356316971	1468
1467	0.0	ENST00000361624	1542	2145.78356316971	1469
1468	0.0	ENST00000361624	1542	2145.78356316971	1470
1469	0.0	ENST00000361624	1542	2145.78356316971	1471
1470	0.119	ENST00000361624	1542	2145.78356316971	1472
1471	0.263	ENST00000361624	1542	2145.78356316971	1473
1472	1.0	ENST00000361624	1542	2145.78356316971	1474
1473	1.0	ENST00000361624	1542	2145.78356316971	1475
1474	0.37	ENST00000361624	1542	2145.78356316971	1476
1475	0.208	ENST00000361624	1542	2145.78356316971	1477
1476	0.199	ENST00000361624	1542	2145.78356316971	1478
1477	0.045	ENST00000361624	1542	2145.78356316971	1479
1478	0.0	ENST00000361624	1542	2145.78356316971	1480
1479	0.015	ENST00000361624	1542	2145.78356316971	1481
1480	0.0	ENST00000361624	1542	2145.78356316971	1482
1481	0.031	ENST00000361624	1542	2145.78356316971	1483
1482	0.075	ENST00000361624	1542	2145.78356316971	1484
1483	0.545	ENST00000361624	1542	2145.78356316971	1485
1484	0.008	ENST00000361624	1542	2145.78356316971	1486
1485	0.0	ENST00000361624	1542	2145.78356316971	1487
1486	0.022	ENST00000361624	1542	2145.78356316971	1488
1487	0.024	ENST00000361624	1542	2145.78356316971	1489
1488	0.062	ENST00000361624	1542	2145.78356316971	1490
1489	0.047	ENST00000361624	1542	2145.78356316971	1491
1490	0.029	ENST00000361624	1542	2145.78356316971	1492
1491	0.0	ENST00000361624	1542	2145.78356316971	1493
1492	0.0	ENST00000361624	1542	2145.78356316971	1494
1493	0.004	ENST00000361624	1542	2145.78356316971	1495
1494	0.007	ENST00000361624	1542	2145.78356316971	1496
1495	0.013	ENST00000361624	1542	2145.78356316971	1497
1496	0.0	ENST00000361624	1542	2145.78356316971	1498
1497	0.011	ENST00000361624	1542	2145.78356316971	1499
1498	0.039	ENST00000361624	1542	2145.78356316971	1500
1499	0.022	ENST00000361624	1542	2145.78356316971	1501
1500	0.027	ENST00000361624	1542	2145.78356316971	1502
1501	0.234	ENST00000361624	1542	2145.78356316971	1503
1502	0.093	ENST00000361624	1542	2145.78356316971	1504
1503	0.028	ENST00000361624	1542	2145.78356316971	1505
1504	0.015	ENST00000361624	1542	2145.78356316971	1506
1505	0.188	ENST00000361624	1542	2145.78356316971	1507
1506	0.31	ENST00000361624	1542	2145.78356316971	1508
1507	0.192	ENST00000361624	1542	2145.78356316971	1509
1508	0.018	ENST00000361624	1542	2145.78356316971	1510
1509	0.118	ENST00000361624	1542	2145.78356316971	1511
1510	0.04	ENST00000361624	1542	2145.78356316971	1512
1511	0.0	ENST00000361624	1542	2145.78356316971	1513
1512	0.0	ENST00000361624	1542	2145.78356316971	1514
1513	0.072	ENST00000361624	1542	2145.78356316971	1515
1514	0.197	ENST00000361624	1542	2145.78356316971	1516
1515	0.013	ENST00000361624	1542	2145.78356316971	1517
1516	0.0	ENST00000361624	1542	2145.78356316971	1518
1517	0.0	ENST00000361624	1542	2145.78356316971	1519
1518	0.02	ENST00000361624	1542	2145.78356316971	1520
1519	0.0	ENST00000361624	1542	2145.78356316971	1521
1520	0.0	ENST00000361624	1542	2145.78356316971	1522
1521	0.004	ENST00000361624	1542	2145.78356316971	1523
1522	0.0	ENST00000361624	1542	2145.78356316971	1524
1523	0.0	ENST00000361624	1542	2145.78356316971	1525
1524	0.0	ENST00000361624	1542	2145.78356316971	1526
1525	0.0	ENST00000361624	1542	2145.78356316971	1527
1526	0.0	ENST00000361624	1542	2145.78356316971	1528
1527	0.0	ENST00000361624	1542	2145.78356316971	1529
1528	0.0	ENST00000361624	1542	2145.78356316971	1530
1529	0.0	ENST00000361624	1542	2145.78356316971	1531
1530		ENST00000361624	1542	2145.78356316971	1532
1531		ENST00000361624	1542	2145.78356316971	1533
1532		ENST00000361624	1542	2145.78356316971	1534
1533		ENST00000361624	1542	2145.78356316971	1535
1534		ENST00000361624	1542	2145.78356316971	1536
1535		ENST00000361624	1542	2145.78356316971	1537
1536		ENST00000361624	1542	2145.78356316971	1538
1537		ENST00000361624	1542	2145.78356316971	1539
1538		ENST00000361624	1542	2145.78356316971	1540
1539		ENST00000361624	1542	2145.78356316971	1541
1540		ENST00000361624	1542	2145.78356316971	1542
1541		ENST00000361624	1542	2145.78356316971	1543
1542		ENST00000361624	1542	2145.78356316971	1544
1543		ENST00000361624	1542	2145.78356316971	1545
1544		ENST00000361624	1542	2145.78356316971	1546
