	loca	length	start	end	coverage
0	(12354, 14147)	1794	12354	14147	2000
0	(12368, 14127)	1760	12368	14127	3000
1	(14130, 14147)	18	14130	14147	3000
0	(12380, 12381)	2	12380	12381	4000
1	(12388, 13681)	1294	12388	13681	4000
2	(13683, 13690)	8	13683	13690	4000
3	(13695, 13697)	3	13695	13697	4000
4	(13705, 13705)	1	13705	13705	4000
5	(13709, 13709)	1	13709	13709	4000
6	(13713, 13713)	1	13713	13713	4000
7	(13716, 13716)	1	13716	13716	4000
8	(13718, 13721)	4	13718	13721	4000
9	(13723, 13727)	5	13723	13727	4000
10	(13732, 13751)	20	13732	13751	4000
11	(13793, 13793)	1	13793	13793	4000
12	(13800, 13800)	1	13800	13800	4000
13	(13818, 13818)	1	13818	13818	4000
14	(13840, 13841)	2	13840	13841	4000
15	(13845, 13852)	8	13845	13852	4000
16	(13855, 13856)	2	13855	13856	4000
17	(13860, 13864)	5	13860	13864	4000
18	(13867, 13877)	11	13867	13877	4000
19	(13884, 13884)	1	13884	13884	4000
20	(13886, 13887)	2	13886	13887	4000
21	(13889, 13889)	1	13889	13889	4000
22	(13891, 13913)	23	13891	13913	4000
23	(13916, 13921)	6	13916	13921	4000
24	(13925, 13926)	2	13925	13926	4000
25	(13930, 13936)	7	13930	13936	4000
26	(13941, 13942)	2	13941	13942	4000
27	(13951, 13951)	1	13951	13951	4000
28	(13953, 13955)	3	13953	13955	4000
0	(12412, 13240)	829	12412	13240	5000
1	(13244, 13287)	44	13244	13287	5000
2	(13291, 13650)	360	13291	13650	5000
3	(13654, 13665)	12	13654	13665	5000
4	(13668, 13671)	4	13668	13671	5000
